#format: kpower1
#filename: ctr2-2.txt
#date: 2010-05-14 11:11:22
#description: ctr 2.5mg/ml
0.06	-0.000013
0.13	-0.000019
0.22	-0.000023
0.29	-0.000026
0.38	-0.000027
0.45	-0.000022
0.54	-0.000030
0.61	-0.000033
0.70	-0.000021
0.78	-0.000029
0.85	-0.000031
0.93	-0.000032
1.02	-0.000023
1.09	-0.000012
1.18	-0.000018
1.25	-0.000018
1.34	-0.000020
1.41	-0.000024
1.50	-0.000016
1.58	-0.000023
1.65	-0.000027
1.74	-0.000033
1.82	-0.000038
1.90	-0.000037
1.97	-0.000028
2.06	-0.000026
2.13	-0.000034
2.21	-0.000026
2.30	-0.000012
2.37	-0.000017
2.46	-0.000027
2.54	-0.000034
2.62	-0.000039
2.70	-0.000035
2.78	-0.000025
2.86	-0.000018
2.94	-0.000024
3.01	-0.000035
3.09	-0.000030
3.18	-0.000026
3.25	-0.000025
3.33	-0.000025
3.42	-0.000031
3.49	-0.000028
3.58	-0.000028
3.66	-0.000025
3.73	-0.000024
3.81	-0.000013
3.90	-0.000023
3.98	-0.000026
4.05	-0.000037
4.14	-0.000044
4.21	-0.000033
4.29	-0.000033
4.37	-0.000038
4.46	-0.000035
4.54	-0.000026
4.61	-0.000039
4.69	-0.000029
4.77	-0.000031
4.85	-0.000030
4.93	-0.000032
5.01	-0.000035
5.09	-0.000023
5.17	-0.000041
5.25	-0.000035
5.33	-0.000025
5.42	-0.000026
5.49	-0.000030
5.57	-0.000029
5.66	-0.000032
5.74	-0.000031
5.81	-0.000023
5.90	-0.000020
5.97	-0.000031
6.05	-0.000037
6.14	-0.000034
6.21	-0.000035
6.29	-0.000031
6.38	-0.000027
6.45	-0.000022
6.53	-0.000021
6.61	-0.000031
6.70	-0.000027
6.78	-0.000027
6.86	-0.000033
6.92	-0.000033
7.01	-0.000028
7.09	-0.000028
7.17	-0.000018
7.25	-0.000018
7.33	-0.000034
7.41	-0.000026
7.49	-0.000026
7.57	-0.000024
7.65	-0.000021
7.73	-0.000027
7.81	-0.000020
7.89	-0.000035
7.97	-0.000032
8.05	-0.000033
8.13	-0.000029
8.21	-0.000028
8.29	-0.000037
8.37	-0.000038
8.44	-0.000029
8.53	-0.000026
8.61	-0.000019
8.68	-0.000021
8.76	-0.000027
8.84	-0.000024
8.93	-0.000025
9.00	-0.000024
9.08	-0.000028
9.17	-0.000034
9.24	-0.000029
9.33	-0.000034
9.40	-0.000041
9.49	-0.000039
9.57	-0.000029
9.64	-0.000035
9.72	-0.000032
9.81	-0.000031
9.88	-0.000029
9.96	-0.000026
10.04	-0.000032
10.12	-0.000033
10.21	-0.000027
10.29	-0.000024
10.37	-0.000034
10.44	-0.000033
10.53	-0.000035
10.61	-0.000036
10.68	-0.000042
10.77	-0.000030
10.84	-0.000027
10.93	-0.000027
11.00	-0.000022
11.09	-0.000024
11.17	-0.000027
11.24	-0.000022
11.33	-0.000030
11.40	-0.000037
11.49	-0.000028
11.57	-0.000035
11.65	-0.000030
11.73	-0.000030
11.81	-0.000024
11.89	-0.000028
11.97	-0.000029
12.05	-0.000035
12.13	-0.000035
12.21	-0.000042
12.29	-0.000036
12.37	-0.000038
12.45	-0.000033
12.53	-0.000027
12.61	-0.000024
12.69	-0.000026
12.77	-0.000037
12.85	-0.000031
12.93	-0.000027
13.01	-0.000028
13.09	-0.000034
13.17	-0.000026
13.25	-0.000029
13.32	-0.000027
13.41	-0.000029
13.48	-0.000022
13.57	-0.000030
13.64	-0.000032
13.73	-0.000038
13.80	-0.000026
13.88	-0.000029
13.97	-0.000024
14.04	-0.000035
14.12	-0.000035
14.21	-0.000030
14.28	-0.000029
14.37	-0.000022
14.44	-0.000016
14.53	-0.000028
14.61	-0.000023
14.68	-0.000032
14.77	-0.000041
14.84	-0.000040
14.93	-0.000032
15.00	-0.000036
15.08	-0.000024
15.17	-0.000026
15.24	-0.000027
15.33	-0.000028
15.40	-0.000027
15.49	-0.000028
15.56	-0.000036
15.65	-0.000033
15.73	-0.000043
15.80	-0.000034
15.89	-0.000034
15.96	-0.000038
16.05	-0.000030
16.13	-0.000033
16.20	-0.000026
16.29	-0.000026
16.37	-0.000016
16.45	-0.000015
16.52	-0.000026
16.61	-0.000022
16.69	-0.000031
16.77	-0.000030
16.85	-0.000033
16.93	-0.000025
17.01	-0.000020
17.09	-0.000017
17.17	-0.000017
17.25	-0.000030
17.33	-0.000021
17.41	-0.000022
17.49	-0.000022
17.57	-0.000033
17.65	-0.000032
17.73	-0.000025
17.81	-0.000021
17.89	-0.000027
17.97	-0.000023
18.05	-0.000037
18.13	-0.000033
18.21	-0.000036
18.29	-0.000034
18.38	-0.000030
18.45	-0.000032
18.52	-0.000022
18.61	-0.000021
18.68	-0.000026
18.77	-0.000035
18.85	-0.000037
18.92	-0.000036
19.01	-0.000023
19.09	-0.000030
19.17	-0.000034
19.24	-0.000024
19.33	-0.000021
19.40	-0.000018
19.49	-0.000021
19.56	-0.000012
19.64	-0.000020
19.73	-0.000036
19.80	-0.000037
19.88	-0.000029
19.97	-0.000029
20.04	-0.000019
20.13	-0.000023
20.20	-0.000017
20.29	-0.000023
20.37	-0.000022
20.44	-0.000031
20.53	-0.000022
20.60	-0.000033
20.69	-0.000022
20.76	-0.000020
20.84	-0.000027
20.93	-0.000032
21.00	-0.000019
21.08	-0.000031
21.17	-0.000028
21.25	-0.000030
21.33	-0.000026
21.41	-0.000028
21.49	-0.000033
21.57	-0.000025
21.65	-0.000029
21.73	-0.000027
21.81	-0.000033
21.89	-0.000033
21.97	-0.000031
22.05	-0.000033
22.13	-0.000026
22.21	-0.000027
22.29	-0.000031
22.37	-0.000031
22.45	-0.000022
22.53	-0.000022
22.61	-0.000025
22.69	-0.000034
22.77	-0.000037
22.85	-0.000034
22.93	-0.000035
23.01	-0.000032
23.09	-0.000035
23.17	-0.000046
23.25	-0.000044
23.33	-0.000040
23.41	-0.000036
23.49	-0.000039
23.57	-0.000037
23.64	-0.000032
23.73	-0.000039
23.81	-0.000031
23.88	-0.000028
23.97	-0.000028
24.04	-0.000031
24.13	-0.000037
24.20	-0.000029
24.29	-0.000030
24.37	-0.000035
24.44	-0.000030
24.53	-0.000035
24.61	-0.000036
24.68	-0.000039
24.77	-0.000039
24.84	-0.000028
24.92	-0.000023
25.01	-0.000029
25.08	-0.000029
25.16	-0.000041
25.25	-0.000039
25.33	-0.000038
25.40	-0.000034
25.49	-0.000026
25.56	-0.000028
25.64	-0.000029
25.73	-0.000024
25.80	-0.000029
25.88	-0.000015
25.97	-0.000026
26.04	-0.000031
26.12	-0.000026
26.21	-0.000035
26.29	-0.000031
26.36	-0.000029
26.45	-0.000034
26.53	-0.000028
26.61	-0.000028
26.69	-0.000024
26.77	-0.000022
26.85	-0.000022
26.93	-0.000027
27.01	-0.000035
27.09	-0.000026
27.17	-0.000026
27.25	-0.000030
27.33	-0.000027
27.41	-0.000034
27.49	-0.000023
27.57	-0.000038
27.65	-0.000023
27.73	-0.000026
27.81	-0.000026
27.89	-0.000024
27.97	-0.000020
28.05	-0.000021
28.13	-0.000013
28.21	-0.000017
28.29	-0.000018
28.38	-0.000029
28.45	-0.000032
28.52	-0.000030
28.61	-0.000021
28.68	-0.000024
28.77	-0.000032
28.84	-0.000032
28.93	-0.000017
29.00	-0.000012
29.09	-0.000024
29.17	-0.000023
29.24	-0.000020
29.33	-0.000021
29.41	-0.000026
29.49	-0.000029
29.56	-0.000030
29.64	-0.000026
29.73	-0.000025
29.80	-0.000031
29.88	-0.000035
29.97	-0.000028
30.04	-0.000029
30.12	-0.000032
30.21	-0.000032
30.28	-0.000030
30.37	-0.000028
30.44	-0.000033
30.53	-0.000035
30.60	-0.000032
30.68	-0.000040
30.76	-0.000030
30.85	-0.000025
30.92	-0.000024
31.00	-0.000027
31.09	-0.000034
31.16	-0.000035
31.25	-0.000037
31.32	-0.000047
31.41	-0.000027
31.49	-0.000025
31.57	-0.000033
31.65	-0.000026
31.73	-0.000028
31.81	-0.000020
31.89	-0.000026
31.97	-0.000026
32.05	-0.000030
32.13	-0.000040
32.21	-0.000021
32.28	-0.000013
32.37	-0.000034
32.45	-0.000033
32.52	-0.000034
32.61	-0.000030
32.68	-0.000030
32.77	-0.000020
32.84	-0.000030
32.92	-0.000029
33.00	-0.000015
33.09	-0.000027
33.17	-0.000022
33.24	-0.000017
33.33	-0.000020
33.41	-0.000028
33.49	-0.000012
33.56	-0.000016
33.65	-0.000018
33.73	-0.000029
33.80	-0.000038
33.88	-0.000034
33.96	-0.000025
34.05	-0.000024
34.12	-0.000025
34.20	-0.000027
34.28	-0.000023
34.36	-0.000019
34.44	-0.000023
34.52	-0.000027
34.60	-0.000037
34.68	-0.000032
34.76	-0.000029
34.84	-0.000032
34.92	-0.000027
35.00	-0.000034
35.08	-0.000039
35.16	-0.000040
35.24	-0.000039
35.32	-0.000036
35.40	-0.000025
35.48	-0.000029
35.56	-0.000029
35.64	-0.000027
35.72	-0.000032
35.81	-0.000026
35.88	-0.000029
35.97	-0.000037
36.04	-0.000039
36.12	-0.000036
36.21	-0.000031
36.28	-0.000034
36.37	-0.000032
36.45	-0.000029
36.52	-0.000025
36.61	-0.000026
36.69	-0.000020
36.77	-0.000014
36.85	-0.000022
36.93	-0.000024
37.01	-0.000027
37.09	-0.000028
37.17	-0.000019
37.25	-0.000021
37.33	-0.000031
37.41	-0.000026
37.49	-0.000026
37.57	-0.000036
37.65	-0.000034
37.73	-0.000045
37.81	-0.000047
37.88	-0.000040
37.97	-0.000032
38.05	-0.000021
38.12	-0.000024
38.21	-0.000033
38.28	-0.000027
38.37	-0.000035
38.45	-0.000031
38.52	-0.000026
38.61	-0.000024
38.68	-0.000023
38.77	-0.000026
38.85	-0.000021
38.92	-0.000024
39.01	-0.000014
39.08	-0.000021
39.16	-0.000021
39.25	-0.000025
39.32	-0.000023
39.41	-0.000032
39.48	-0.000023
39.56	-0.000039
39.64	-0.000039
39.72	-0.000027
39.80	-0.000029
39.88	-0.000029
39.96	-0.000022
40.04	-0.000019
40.12	-0.000025
40.20	-0.000034
40.28	-0.000033
40.36	-0.000030
40.44	-0.000024
40.53	-0.000025
40.60	-0.000018
40.68	-0.000019
40.77	-0.000022
40.84	-0.000026
40.92	-0.000027
41.01	-0.000027
41.08	-0.000036
41.17	-0.000026
41.24	-0.000026
41.33	-0.000032
41.40	-0.000018
41.48	-0.000025
41.57	-0.000017
41.64	-0.000023
41.72	-0.000026
41.81	-0.000023
41.89	-0.000031
41.97	-0.000021
42.05	-0.000028
42.13	-0.000031
42.21	-0.000010
42.28	-0.000031
42.37	-0.000018
42.44	-0.000027
42.53	-0.000018
42.60	-0.000019
42.69	-0.000022
42.76	-0.000025
42.85	-0.000019
42.92	-0.000017
43.00	-0.000025
43.09	-0.000026
43.17	-0.000025
43.24	-0.000025
43.33	-0.000023
43.41	-0.000026
43.48	-0.000030
43.57	-0.000028
43.64	-0.000041
43.73	-0.000038
43.80	-0.000031
43.88	-0.000031
43.97	-0.000034
44.04	-0.000032
44.12	-0.000031
44.21	-0.000030
44.28	-0.000027
44.36	-0.000023
44.44	-0.000028
44.52	-0.000031
44.60	-0.000032
44.68	-0.000024
44.77	-0.000030
44.84	-0.000033
44.92	-0.000031
45.00	-0.000034
45.08	-0.000029
45.16	-0.000042
45.24	-0.000041
45.32	-0.000040
45.40	-0.000029
45.48	-0.000032
45.56	-0.000033
45.64	-0.000027
45.72	-0.000030
45.80	-0.000035
45.88	-0.000029
45.97	-0.000031
46.04	-0.000028
46.12	-0.000031
46.21	-0.000030
46.28	-0.000027
46.37	-0.000028
46.44	-0.000027
46.53	-0.000033
46.60	-0.000040
46.68	-0.000034
46.77	-0.000033
46.84	-0.000028
46.93	-0.000032
47.00	-0.000030
47.08	-0.000032
47.17	-0.000037
47.24	-0.000040
47.32	-0.000038
47.41	-0.000035
47.48	-0.000029
47.57	-0.000025
47.64	-0.000025
47.73	-0.000018
47.80	-0.000029
47.88	-0.000029
47.96	-0.000026
48.04	-0.000029
48.11	-0.000034
48.17	-0.000033
48.25	-0.000035
48.33	-0.000030
48.41	-0.000030
48.49	-0.000026
48.57	-0.000019
48.65	-0.000034
48.73	-0.000031
48.81	-0.000038
48.89	-0.000030
48.97	-0.000025
49.05	-0.000030
49.13	-0.000036
49.21	-0.000037
49.29	-0.000027
49.37	-0.000033
49.45	-0.000028
49.53	-0.000023
49.61	-0.000023
49.69	-0.000030
49.77	-0.000030
49.85	-0.000032
49.93	-0.000038
50.01	-0.000038
50.10	-0.000035
50.17	-0.000042
50.25	-0.000034
50.34	-0.000031
50.41	-0.000028
50.49	-0.000026
50.58	-0.000034
50.65	-0.000033
50.73	-0.000034
50.82	-0.000031
50.89	-0.000032
50.97	-0.000026
51.05	-0.000027
51.14	-0.000029
51.21	-0.000036
51.29	-0.000026
51.38	-0.000029
51.45	-0.000023
51.53	-0.000018
51.62	-0.000022
51.69	-0.000035
51.77	-0.000038
51.85	-0.000047
51.94	-0.000037
52.01	-0.000040
52.10	-0.000033
52.17	-0.000039
52.26	-0.000034
52.33	-0.000040
52.42	-0.000040
52.50	-0.000026
52.57	-0.000037
52.66	-0.000033
52.74	-0.000031
52.82	-0.000024
52.89	-0.000034
52.98	-0.000032
53.05	-0.000036
53.13	-0.000032
53.21	-0.000036
53.30	-0.000030
53.38	-0.000022
53.45	-0.000024
53.53	-0.000027
53.61	-0.000027
53.69	-0.000027
53.77	-0.000031
53.85	-0.000023
53.93	-0.000026
54.01	-0.000025
54.09	-0.000024
54.17	-0.000035
54.25	-0.000023
54.33	-0.000032
54.41	-0.000035
54.50	-0.000037
54.58	-0.000035
54.65	-0.000033
54.74	-0.000024
54.81	-0.000028
54.90	-0.000034
54.97	-0.000030
55.06	-0.000028
55.13	-0.000037
55.22	-0.000031
55.30	-0.000034
55.37	-0.000029
55.45	-0.000025
55.54	-0.000034
55.61	-0.000031
55.70	-0.000027
55.78	-0.000028
55.85	-0.000033
55.94	-0.000020
56.01	-0.000010
56.10	-0.000026
56.17	-0.000027
56.26	-0.000032
56.34	-0.000028
56.42	-0.000016
56.50	-0.000017
56.58	-0.000020
56.66	-0.000026
56.73	-0.000035
56.82	-0.000028
56.91	-0.000026
56.98	-0.000015
57.06	-0.000020
57.14	-0.000022
57.22	-0.000029
57.29	-0.000025
57.38	-0.000030
57.45	-0.000020
57.54	-0.000015
57.61	-0.000014
57.70	-0.000017
57.78	-0.000024
57.85	-0.000033
57.94	-0.000032
58.01	-0.000031
58.10	-0.000033
58.17	-0.000027
58.25	-0.000032
58.34	-0.000026
58.41	-0.000028
58.49	-0.000024
58.57	-0.000038
58.65	-0.000030
58.73	-0.000030
58.81	-0.000026
58.89	-0.000035
58.97	-0.000032
59.05	-0.000025
59.13	-0.000026
59.21	-0.000030
59.29	-0.000015
59.38	-0.000017
59.45	-0.000018
59.53	-0.000024
59.62	-0.000020
59.69	-0.000031
59.77	-0.000027
59.86	-0.000022
59.94	-0.000026
60.01	-0.000018
60.10	-0.000021
60.17	-0.000031
60.26	-0.000024
60.33	-0.000029
60.42	-0.000028
60.49	-0.000036
60.57	-0.000031
60.66	-0.000031
60.73	-0.000036
60.82	-0.000021
60.90	-0.000022
60.98	-0.000026
61.06	-0.000028
61.13	-0.000029
61.22	-0.000015
61.30	-0.000024
61.37	-0.000024
61.45	-0.000038
61.53	-0.000026
61.62	-0.000030
61.69	-0.000029
61.77	-0.000033
61.86	-0.000032
61.93	-0.000028
62.02	-0.000027
62.10	-0.000021
62.17	-0.000032
62.25	-0.000026
62.33	-0.000026
62.41	-0.000033
62.49	-0.000036
62.57	-0.000023
62.65	-0.000024
62.73	-0.000024
62.81	-0.000021
62.89	-0.000021
62.97	-0.000027
63.05	-0.000033
63.13	-0.000024
63.21	-0.000026
63.30	-0.000031
63.36	-0.000029
63.44	-0.000027
63.52	-0.000028
63.60	-0.000026
63.68	-0.000027
63.77	-0.000032
63.84	-0.000033
63.91	-0.000039
64.00	-0.000032
64.08	-0.000025
64.16	-0.000023
64.24	-0.000034
64.32	-0.000028
64.40	-0.000028
64.48	-0.000024
64.56	-0.000028
64.64	-0.000029
64.72	-0.000033
64.80	-0.000027
64.88	-0.000027
64.96	-0.000034
65.04	-0.000033
65.12	-0.000024
65.20	-0.000024
65.28	-0.000035
65.36	-0.000036
65.44	-0.000037
65.53	-0.000030
65.60	-0.000028
65.69	-0.000036
65.76	-0.000030
65.84	-0.000029
65.93	-0.000019
66.01	-0.000021
66.09	-0.000027
66.16	-0.000024
66.25	-0.000018
66.33	-0.000035
66.40	-0.000032
66.48	-0.000031
66.56	-0.000024
66.63	-0.000024
66.71	-0.000032
66.79	-0.000034
66.87	-0.000031
66.95	-0.000032
67.03	-0.000042
67.10	-0.000035
67.18	-0.000033
67.26	-0.000033
67.34	-0.000028
67.42	-0.000027
67.49	-0.000033
67.57	-0.000029
67.65	-0.000029
67.73	-0.000024
67.82	-0.000025
67.89	-0.000020
67.97	-0.000024
68.06	-0.000024
68.13	-0.000023
68.20	-0.000026
68.29	-0.000028
68.37	-0.000018
68.45	-0.000022
68.52	-0.000029
68.60	-0.000033
68.69	-0.000028
68.76	-0.000033
68.84	-0.000030
68.93	-0.000014
69.01	-0.000018
69.08	-0.000030
69.17	-0.000028
69.24	-0.000029
69.32	-0.000022
69.41	-0.000015
69.48	-0.000025
69.56	-0.000022
69.65	-0.000027
69.72	-0.000024
69.81	-0.000017
69.89	-0.000027
69.97	-0.000023
70.05	-0.000024
70.13	-0.000033
70.21	-0.000027
70.29	-0.000032
70.37	-0.000036
70.45	-0.000038
70.53	-0.000030
70.61	-0.000033
70.69	-0.000032
70.77	-0.000028
70.85	-0.000030
70.93	-0.000032
71.01	-0.000033
71.09	-0.000030
71.17	-0.000029
71.25	-0.000013
71.33	-0.000029
71.41	-0.000034
71.49	-0.000030
71.57	-0.000020
71.65	-0.000026
71.73	-0.000023
71.81	-0.000020
71.89	-0.000021
71.97	-0.000028
72.05	-0.000039
72.13	-0.000021
72.21	-0.000032
72.28	-0.000034
72.36	-0.000027
72.45	-0.000025
72.53	-0.000028
72.61	-0.000022
72.68	-0.000033
72.77	-0.000030
72.85	-0.000030
72.92	-0.000038
73.01	-0.000040
73.09	-0.000034
73.17	-0.000024
73.24	-0.000029
73.33	-0.000038
73.40	-0.000041
73.48	-0.000044
73.57	-0.000029
73.64	-0.000028
73.73	-0.000029
73.80	-0.000029
73.89	-0.000029
73.97	-0.000018
74.05	-0.000019
74.13	-0.000027
74.21	-0.000020
74.29	-0.000026
74.37	-0.000025
74.45	-0.000030
74.53	-0.000037
74.61	-0.000031
74.69	-0.000028
74.77	-0.000040
74.85	-0.000036
74.93	-0.000035
75.01	-0.000036
75.09	-0.000023
75.17	-0.000024
75.25	-0.000027
75.33	-0.000028
75.42	-0.000030
75.49	-0.000032
75.58	-0.000029
75.66	-0.000030
75.73	-0.000023
75.82	-0.000026
75.90	-0.000027
75.97	-0.000032
76.06	-0.000025
76.14	-0.000025
76.22	-0.000031
76.29	-0.000035
76.38	-0.000037
76.45	-0.000036
76.54	-0.000035
76.62	-0.000028
76.69	-0.000025
76.78	-0.000029
76.85	-0.000026
76.94	-0.000037
77.01	-0.000016
77.09	-0.000018
77.17	-0.000014
77.25	-0.000019
77.33	-0.000025
77.41	-0.000036
77.49	-0.000027
77.57	-0.000032
77.65	-0.000026
77.73	-0.000017
77.81	-0.000021
77.89	-0.000032
77.97	-0.000028
78.05	-0.000023
78.13	-0.000020
78.21	-0.000030
78.29	-0.000032
78.37	-0.000026
78.45	-0.000020
78.53	-0.000017
78.61	-0.000020
78.69	-0.000014
78.77	-0.000013
78.85	-0.000019
78.92	-0.000019
79.01	-0.000036
79.08	-0.000026
79.17	-0.000025
79.25	-0.000030
79.33	-0.000030
79.41	-0.000020
79.49	-0.000018
79.57	-0.000021
79.65	-0.000026
79.73	-0.000024
79.81	-0.000033
79.89	-0.000034
79.97	-0.000033
80.05	-0.000036
80.13	-0.000027
80.21	-0.000027
80.29	-0.000021
80.37	-0.000022
80.45	-0.000016
80.53	-0.000018
80.61	-0.000022
80.69	-0.000033
80.78	-0.000030
80.85	-0.000022
80.93	-0.000025
81.02	-0.000029
81.09	-0.000027
81.17	-0.000018
81.25	-0.000015
81.33	-0.000023
81.42	-0.000014
81.50	-0.000023
81.57	-0.000034
81.65	-0.000034
81.74	-0.000032
81.81	-0.000027
81.89	-0.000021
81.97	-0.000021
82.05	-0.000023
82.14	-0.000031
82.21	-0.000028
82.29	-0.000021
82.37	-0.000023
82.45	-0.000022
82.53	-0.000021
82.61	-0.000029
82.69	-0.000020
82.77	-0.000017
82.85	-0.000028
82.93	-0.000019
83.01	-0.000021
83.10	-0.000021
83.17	-0.000024
83.25	-0.000015
83.33	-0.000023
83.41	-0.000027
83.48	-0.000025
83.57	-0.000024
83.64	-0.000033
83.73	-0.000019
83.80	-0.000020
83.88	-0.000023
83.97	-0.000022
84.04	-0.000020
84.13	-0.000019
84.21	-0.000025
84.28	-0.000029
84.36	-0.000029
84.45	-0.000029
84.53	-0.000018
84.61	-0.000019
84.69	-0.000029
84.77	-0.000033
84.85	-0.000036
84.93	-0.000037
85.01	-0.000032
85.09	-0.000027
85.17	-0.000035
85.25	-0.000031
85.33	-0.000028
85.41	-0.000030
85.49	-0.000026
85.57	-0.000035
85.65	-0.000035
85.73	-0.000029
85.82	-0.000023
85.89	-0.000039
85.97	-0.000033
86.05	-0.000027
86.13	-0.000024
86.22	-0.000025
86.29	-0.000023
86.38	-0.000019
86.45	-0.000016
86.53	-0.000015
86.61	-0.000025
86.69	-0.000017
86.77	-0.000012
86.86	-0.000010
86.93	-0.000008
87.01	-0.000013
87.09	-0.000017
87.17	-0.000018
87.25	-0.000017
87.33	-0.000018
87.41	-0.000029
87.49	-0.000029
87.57	-0.000029
87.65	-0.000031
87.73	-0.000026
87.81	-0.000028
87.89	-0.000019
87.97	-0.000026
88.05	-0.000023
88.13	-0.000019
88.21	-0.000021
88.29	-0.000026
88.37	-0.000031
88.45	-0.000025
88.53	-0.000020
88.61	-0.000020
88.69	-0.000022
88.78	-0.000022
88.86	-0.000021
88.93	-0.000025
89.02	-0.000026
89.09	-0.000028
89.17	-0.000019
89.26	-0.000022
89.33	-0.000022
89.42	-0.000012
89.49	-0.000012
89.58	-0.000020
89.65	-0.000023
89.74	-0.000018
89.81	-0.000023
89.89	-0.000032
89.98	-0.000041
90.05	-0.000043
90.14	-0.000045
90.22	-0.000041
90.30	-0.000026
90.38	-0.000019
90.46	-0.000018
90.53	-0.000024
90.62	-0.000023
90.70	-0.000020
90.78	-0.000026
90.86	-0.000035
90.94	-0.000021
91.02	-0.000024
91.09	-0.000026
91.18	-0.000029
91.26	-0.000034
91.33	-0.000031
91.42	-0.000024
91.49	-0.000030
91.57	-0.000028
91.66	-0.000028
91.74	-0.000040
91.81	-0.000029
91.90	-0.000025
91.97	-0.000024
92.06	-0.000023
92.14	-0.000024
92.21	-0.000029
92.30	-0.000022
92.37	-0.000023
92.46	-0.000023
92.53	-0.000021
92.61	-0.000021
92.69	-0.000028
92.77	-0.000034
92.86	-0.000025
92.93	-0.000029
93.02	-0.000030
93.09	-0.000030
93.18	-0.000020
93.25	-0.000022
93.33	-0.000020
93.42	-0.000020
93.49	-0.000028
93.58	-0.000033
93.65	-0.000025
93.74	-0.000030
93.81	-0.000026
93.90	-0.000023
93.97	-0.000027
94.06	-0.000024
94.13	-0.000026
94.22	-0.000025
94.29	-0.000026
94.38	-0.000028
94.46	-0.000022
94.53	-0.000027
94.62	-0.000037
94.70	-0.000032
94.78	-0.000024
94.86	-0.000023
94.94	-0.000020
95.02	-0.000020
95.10	-0.000021
95.17	-0.000022
95.26	-0.000034
95.33	-0.000022
95.41	-0.000029
95.50	-0.000030
95.57	-0.000026
95.66	-0.000020
95.74	-0.000012
95.81	-0.000025
95.90	-0.000023
95.97	-0.000023
96.06	-0.000016
96.13	-0.000025
96.21	-0.000014
96.30	-0.000021
96.37	-0.000021
96.46	-0.000022
96.53	-0.000025
96.62	-0.000020
96.70	-0.000018
96.77	-0.000033
96.86	-0.000026
96.94	-0.000026
97.02	-0.000018
97.09	-0.000022
97.17	-0.000021
97.25	-0.000028
97.33	-0.000034
97.41	-0.000033
97.49	-0.000037
97.57	-0.000027
97.65	-0.000018
97.73	-0.000024
97.81	-0.000022
97.89	-0.000012
97.97	-0.000014
98.05	-0.000010
98.13	-0.000019
98.21	-0.000023
98.29	-0.000021
98.37	-0.000022
98.45	-0.000028
98.53	-0.000026
98.61	-0.000025
98.69	-0.000022
98.78	-0.000019
98.85	-0.000028
98.94	-0.000022
99.01	-0.000026
99.10	-0.000032
99.17	-0.000028
99.26	-0.000028
99.33	-0.000015
99.42	-0.000023
99.50	-0.000029
99.57	-0.000027
99.66	-0.000024
99.74	-0.000025
99.81	-0.000026
99.90	-0.000027
99.98	-0.000031
100.05	-0.000028
100.14	-0.000025
100.21	-0.000025
100.30	-0.000023
100.37	-0.000028
100.45	-0.000027
100.53	-0.000021
100.62	-0.000024
100.69	-0.000017
100.78	-0.000028
100.85	-0.000014
100.94	-0.000019
101.02	-0.000018
101.09	-0.000013
101.17	-0.000018
101.26	-0.000021
101.33	-0.000017
101.42	-0.000028
101.49	-0.000014
101.58	-0.000017
101.65	-0.000030
101.73	-0.000026
101.81	-0.000027
101.89	-0.000031
101.97	-0.000025
102.06	-0.000023
102.13	-0.000022
102.22	-0.000032
102.29	-0.000032
102.37	-0.000024
102.45	-0.000018
102.53	-0.000015
102.61	-0.000032
102.69	-0.000024
102.77	-0.000025
102.85	-0.000025
102.93	-0.000026
103.01	-0.000032
103.09	-0.000028
103.17	-0.000026
103.25	-0.000021
103.33	-0.000022
103.41	-0.000018
103.49	-0.000016
103.57	-0.000019
103.65	-0.000012
103.73	-0.000008
103.81	-0.000013
103.89	-0.000019
103.97	-0.000025
104.05	-0.000015
104.14	-0.000022
104.22	-0.000028
104.29	-0.000019
104.38	-0.000023
104.45	-0.000027
104.54	-0.000019
104.61	-0.000016
104.70	-0.000025
104.78	-0.000027
104.85	-0.000026
104.94	-0.000021
105.02	-0.000028
105.10	-0.000030
105.17	-0.000029
105.25	-0.000032
105.34	-0.000038
105.41	-0.000025
105.49	-0.000022
105.58	-0.000020
105.65	-0.000030
105.73	-0.000029
105.82	-0.000035
105.89	-0.000034
105.98	-0.000038
106.06	-0.000029
106.13	-0.000036
106.22	-0.000034
106.29	-0.000032
106.38	-0.000033
106.45	-0.000036
106.53	-0.000031
106.61	-0.000034
106.69	-0.000035
106.77	-0.000026
106.85	-0.000029
106.93	-0.000030
107.01	-0.000022
107.09	-0.000027
107.17	-0.000032
107.25	-0.000026
107.33	-0.000027
107.41	-0.000033
107.49	-0.000022
107.57	-0.000034
107.65	-0.000024
107.72	-0.000031
107.81	-0.000036
107.89	-0.000023
107.97	-0.000023
108.05	-0.000026
108.13	-0.000025
108.21	-0.000030
108.29	-0.000020
108.37	-0.000027
108.45	-0.000030
108.53	-0.000019
108.61	-0.000029
108.69	-0.000026
108.77	-0.000024
108.85	-0.000031
108.93	-0.000038
109.01	-0.000032
109.09	-0.000027
109.17	-0.000034
109.25	-0.000030
109.33	-0.000032
109.41	-0.000031
109.49	-0.000021
109.58	-0.000021
109.65	-0.000024
109.73	-0.000025
109.82	-0.000028
109.89	-0.000028
109.98	-0.000019
110.06	-0.000022
110.13	-0.000023
110.22	-0.000026
110.30	-0.000018
110.38	-0.000016
110.46	-0.000019
110.54	-0.000027
110.62	-0.000022
110.70	-0.000021
110.78	-0.000024
110.86	-0.000017
110.94	-0.000027
111.02	-0.000019
111.10	-0.000025
111.18	-0.000019
111.26	-0.000023
111.34	-0.000019
111.42	-0.000026
111.50	-0.000017
111.57	-0.000021
111.65	-0.000025
111.74	-0.000022
111.81	-0.000027
111.90	-0.000024
111.98	-0.000023
112.05	-0.000030
112.14	-0.000037
112.21	-0.000037
112.29	-0.000038
112.38	-0.000030
112.45	-0.000024
112.54	-0.000031
112.61	-0.000027
112.70	-0.000033
112.77	-0.000025
112.86	-0.000025
112.94	-0.000026
113.01	-0.000033
113.10	-0.000026
113.17	-0.000034
113.25	-0.000030
113.34	-0.000020
113.42	-0.000026
113.49	-0.000039
113.57	-0.000036
113.66	-0.000029
113.73	-0.000027
113.82	-0.000026
113.89	-0.000032
113.98	-0.000039
114.05	-0.000026
114.14	-0.000026
114.21	-0.000023
114.29	-0.000016
114.38	-0.000027
114.45	-0.000031
114.54	-0.000032
114.62	-0.000031
114.70	-0.000029
114.78	-0.000025
114.86	-0.000033
114.94	-0.000042
115.03	-0.000039
115.10	-0.000046
115.18	-0.000047
115.26	-0.000059
115.34	-0.000056
115.42	-0.000046
115.50	-0.000053
115.58	-0.000063
115.66	-0.000053
115.74	-0.000051
115.82	-0.000058
115.90	-0.000064
115.98	-0.000066
116.06	-0.000069
116.14	-0.000074
116.22	-0.000076
116.30	-0.000073
116.37	-0.000084
116.46	-0.000084
116.53	-0.000090
116.62	-0.000081
116.70	-0.000090
116.77	-0.000094
116.86	-0.000103
116.93	-0.000104
117.01	-0.000113
117.10	-0.000113
117.17	-0.000116
117.26	-0.000115
117.34	-0.000114
117.41	-0.000121
117.50	-0.000116
117.57	-0.000124
117.66	-0.000125
117.73	-0.000121
117.81	-0.000130
117.89	-0.000130
117.97	-0.000128
118.05	-0.000136
118.14	-0.000134
118.21	-0.000129
118.30	-0.000136
118.38	-0.000139
118.45	-0.000139
118.53	-0.000136
118.61	-0.000145
118.70	-0.000145
118.77	-0.000152
118.86	-0.000139
118.93	-0.000137
119.02	-0.000144
119.09	-0.000142
119.18	-0.000144
119.25	-0.000148
119.33	-0.000153
119.42	-0.000140
119.50	-0.000145
119.57	-0.000148
119.66	-0.000140
119.74	-0.000146
119.82	-0.000159
119.90	-0.000155
119.98	-0.000146
120.06	-0.000147
120.13	-0.000157
120.22	-0.000152
120.30	-0.000163
120.37	-0.000157
120.45	-0.000142
120.54	-0.000148
120.62	-0.000146
120.69	-0.000147
120.78	-0.000139
120.85	-0.000144
120.94	-0.000139
121.02	-0.000137
121.10	-0.000144
121.17	-0.000140
121.26	-0.000129
121.33	-0.000130
121.41	-0.000138
121.50	-0.000139
121.57	-0.000134
121.65	-0.000114
121.73	-0.000119
121.81	-0.000122
121.89	-0.000136
121.97	-0.000126
122.05	-0.000128
122.13	-0.000142
122.21	-0.000146
122.29	-0.000142
122.37	-0.000137
122.45	-0.000137
122.53	-0.000136
122.61	-0.000132
122.69	-0.000125
122.77	-0.000128
122.85	-0.000130
122.93	-0.000135
123.01	-0.000148
123.09	-0.000147
123.17	-0.000154
123.25	-0.000151
123.33	-0.000160
123.41	-0.000155
123.49	-0.000154
123.57	-0.000159
123.65	-0.000151
123.73	-0.000153
123.80	-0.000153
123.88	-0.000153
123.96	-0.000153
124.04	-0.000158
124.12	-0.000156
124.20	-0.000161
124.27	-0.000160
124.36	-0.000165
124.43	-0.000161
124.52	-0.000172
124.60	-0.000174
124.67	-0.000184
124.76	-0.000179
124.84	-0.000173
124.92	-0.000169
125.00	-0.000173
125.07	-0.000175
125.16	-0.000173
125.23	-0.000169
125.31	-0.000176
125.40	-0.000179
125.47	-0.000172
125.55	-0.000169
125.63	-0.000166
125.71	-0.000173
125.79	-0.000174
125.87	-0.000176
125.95	-0.000167
126.03	-0.000159
126.11	-0.000151
126.19	-0.000146
126.27	-0.000155
126.36	-0.000157
126.43	-0.000151
126.50	-0.000154
126.58	-0.000145
126.66	-0.000146
126.74	-0.000142
126.82	-0.000135
126.90	-0.000132
126.98	-0.000124
127.06	-0.000113
127.14	-0.000116
127.21	-0.000110
127.30	-0.000110
127.38	-0.000104
127.45	-0.000104
127.54	-0.000091
127.61	-0.000085
127.70	-0.000081
127.77	-0.000086
127.85	-0.000074
127.94	-0.000077
128.01	-0.000075
128.09	-0.000069
128.18	-0.000058
128.26	-0.000060
128.33	-0.000055
128.42	-0.000045
128.49	-0.000043
128.57	-0.000044
128.66	-0.000032
128.74	-0.000023
128.82	-0.000022
128.90	-0.000023
128.97	-0.000021
129.06	-0.000010
129.14	-0.000001
129.22	0.000003
129.30	0.000002
129.38	0.000012
129.46	0.000009
129.54	0.000006
129.62	0.000018
129.70	0.000019
129.78	0.000025
129.86	0.000028
129.94	0.000034
130.02	0.000033
130.10	0.000038
130.18	0.000047
130.26	0.000054
130.34	0.000055
130.42	0.000065
130.50	0.000069
130.58	0.000059
130.66	0.000059
130.74	0.000063
130.82	0.000069
130.90	0.000072
130.98	0.000080
131.06	0.000089
131.14	0.000092
131.22	0.000093
131.30	0.000093
131.38	0.000093
131.46	0.000098
131.54	0.000097
131.62	0.000112
131.70	0.000111
131.77	0.000120
131.86	0.000120
131.93	0.000119
132.02	0.000117
132.10	0.000125
132.17	0.000118
132.26	0.000115
132.34	0.000117
132.42	0.000131
132.49	0.000134
132.58	0.000137
132.65	0.000132
132.73	0.000141
132.82	0.000143
132.89	0.000143
132.98	0.000143
133.06	0.000152
133.13	0.000150
133.22	0.000157
133.29	0.000152
133.37	0.000151
133.46	0.000158
133.53	0.000159
133.61	0.000163
133.70	0.000162
133.77	0.000161
133.85	0.000152
133.93	0.000156
134.02	0.000156
134.09	0.000155
134.18	0.000153
134.26	0.000156
134.34	0.000160
134.42	0.000159
134.50	0.000160
134.58	0.000154
134.66	0.000153
134.74	0.000155
134.82	0.000170
134.90	0.000189
134.98	0.000171
135.06	0.000168
135.14	0.000167
135.22	0.000166
135.30	0.000171
135.38	0.000178
135.46	0.000182
135.54	0.000182
135.62	0.000182
135.70	0.000177
135.78	0.000175
135.86	0.000170
135.94	0.000180
136.02	0.000178
136.10	0.000181
136.18	0.000185
136.26	0.000185
136.34	0.000183
136.41	0.000182
136.50	0.000181
136.57	0.000186
136.65	0.000180
136.74	0.000185
136.81	0.000190
136.90	0.000193
136.97	0.000199
137.06	0.000193
137.14	0.000186
137.21	0.000178
137.30	0.000174
137.37	0.000174
137.46	0.000189
137.53	0.000195
137.61	0.000189
137.69	0.000205
137.77	0.000212
137.85	0.000204
137.94	0.000197
138.01	0.000204
138.10	0.000210
138.17	0.000203
138.26	0.000200
138.33	0.000192
138.41	0.000185
138.49	0.000187
138.58	0.000196
138.66	0.000193
138.73	0.000199
138.82	0.000190
138.89	0.000184
138.98	0.000180
139.06	0.000190
139.13	0.000200
139.22	0.000194
139.29	0.000189
139.37	0.000189
139.46	0.000187
139.54	0.000195
139.62	0.000196
139.70	0.000187
139.78	0.000188
139.86	0.000199
139.94	0.000196
140.02	0.000201
140.10	0.000198
140.18	0.000187
140.27	0.000199
140.34	0.000185
140.42	0.000195
140.50	0.000188
140.58	0.000185
140.66	0.000178
140.74	0.000191
140.82	0.000194
140.90	0.000201
140.98	0.000189
141.06	0.000188
141.14	0.000181
141.22	0.000189
141.29	0.000178
141.37	0.000192
141.46	0.000201
141.53	0.000204
141.61	0.000200
141.70	0.000196
141.77	0.000188
141.86	0.000183
141.94	0.000194
142.02	0.000192
142.09	0.000189
142.18	0.000181
142.25	0.000193
142.34	0.000184
142.42	0.000196
142.50	0.000195
142.58	0.000190
142.66	0.000197
142.74	0.000196
142.82	0.000186
142.90	0.000190
142.98	0.000190
143.06	0.000197
143.14	0.000201
143.22	0.000200
143.30	0.000199
143.38	0.000193
143.46	0.000195
143.54	0.000203
143.62	0.000194
143.70	0.000188
143.78	0.000202
143.86	0.000199
143.94	0.000191
144.02	0.000197
144.10	0.000192
144.19	0.000198
144.26	0.000199
144.35	0.000197
144.43	0.000193
144.50	0.000190
144.59	0.000198
144.67	0.000185
144.75	0.000179
144.82	0.000182
144.91	0.000182
144.98	0.000182
145.07	0.000184
145.14	0.000198
145.23	0.000186
145.31	0.000183
145.38	0.000187
145.47	0.000185
145.54	0.000201
145.63	0.000199
145.71	0.000198
145.78	0.000193
145.86	0.000189
145.94	0.000184
146.02	0.000193
146.10	0.000193
146.18	0.000192
146.26	0.000185
146.34	0.000188
146.42	0.000199
146.50	0.000191
146.58	0.000195
146.66	0.000189
146.74	0.000190
146.82	0.000197
146.90	0.000191
146.98	0.000195
147.06	0.000191
147.14	0.000197
147.22	0.000198
147.30	0.000198
147.38	0.000187
147.46	0.000192
147.54	0.000184
147.62	0.000191
147.70	0.000191
147.78	0.000188
147.87	0.000189
147.94	0.000191
148.03	0.000194
148.10	0.000196
148.19	0.000196
148.26	0.000191
148.35	0.000188
148.43	0.000191
148.50	0.000193
148.59	0.000184
148.67	0.000187
148.74	0.000181
148.83	0.000184
148.91	0.000185
148.98	0.000175
149.07	0.000179
149.15	0.000180
149.22	0.000178
149.31	0.000180
149.38	0.000174
149.47	0.000173
149.55	0.000184
149.63	0.000186
149.71	0.000182
149.79	0.000179
149.87	0.000187
149.95	0.000182
150.03	0.000189
150.11	0.000192
150.19	0.000180
150.27	0.000176
150.35	0.000173
150.43	0.000180
150.51	0.000174
150.59	0.000182
150.67	0.000185
150.75	0.000183
150.83	0.000178
150.91	0.000183
150.99	0.000182
151.07	0.000178
151.15	0.000170
151.23	0.000176
151.31	0.000180
151.39	0.000178
151.46	0.000175
151.55	0.000182
151.62	0.000176
151.71	0.000176
151.79	0.000173
151.86	0.000175
151.95	0.000179
152.02	0.000183
152.11	0.000186
152.18	0.000184
152.27	0.000191
152.34	0.000194
152.42	0.000185
152.51	0.000174
152.59	0.000178
152.66	0.000167
152.75	0.000171
152.83	0.000184
152.92	0.000182
152.99	0.000173
153.07	0.000174
153.15	0.000179
153.23	0.000174
153.31	0.000184
153.39	0.000183
153.47	0.000186
153.55	0.000190
153.63	0.000190
153.71	0.000189
153.79	0.000183
153.87	0.000173
153.95	0.000182
154.03	0.000190
154.11	0.000192
154.19	0.000181
154.27	0.000178
154.35	0.000185
154.43	0.000174
154.51	0.000181
154.59	0.000183
154.67	0.000190
154.75	0.000186
154.83	0.000196
154.91	0.000189
154.99	0.000183
155.07	0.000176
155.14	0.000178
155.23	0.000183
155.30	0.000191
155.39	0.000178
155.47	0.000172
155.54	0.000179
155.63	0.000175
155.70	0.000183
155.79	0.000179
155.86	0.000174
155.94	0.000186
156.03	0.000172
156.10	0.000175
156.18	0.000165
156.26	0.000172
156.35	0.000166
156.42	0.000175
156.51	0.000168
156.58	0.000168
156.66	0.000175
156.74	0.000176
156.82	0.000178
156.90	0.000182
156.98	0.000182
157.06	0.000189
157.14	0.000188
157.22	0.000176
157.31	0.000175
157.38	0.000187
157.46	0.000187
157.55	0.000182
157.62	0.000182
157.70	0.000189
157.79	0.000180
157.86	0.000183
157.94	0.000187
158.02	0.000184
158.11	0.000176
158.19	0.000188
158.26	0.000179
158.35	0.000178
158.42	0.000172
158.50	0.000171
158.59	0.000173
158.66	0.000176
158.74	0.000182
158.83	0.000189
158.90	0.000182
158.98	0.000183
159.07	0.000183
159.14	0.000179
159.22	0.000194
159.31	0.000176
159.38	0.000172
159.47	0.000183
159.54	0.000180
159.62	0.000183
159.71	0.000192
159.78	0.000194
159.86	0.000196
159.95	0.000179
160.02	0.000173
160.10	0.000174
160.18	0.000180
160.26	0.000177
160.35	0.000184
160.42	0.000180
160.51	0.000186
160.58	0.000190
160.66	0.000181
160.75	0.000181
160.82	0.000187
160.90	0.000177
160.98	0.000180
161.06	0.000180
161.14	0.000187
161.22	0.000184
161.30	0.000178
161.38	0.000187
161.46	0.000185
161.54	0.000192
161.62	0.000188
161.70	0.000189
161.78	0.000189
161.86	0.000181
161.95	0.000180
162.02	0.000173
162.10	0.000176
162.18	0.000174
162.26	0.000187
162.34	0.000181
162.42	0.000178
162.50	0.000188
162.58	0.000187
162.66	0.000185
162.74	0.000184
162.82	0.000184
162.90	0.000188
162.99	0.000186
163.06	0.000182
163.15	0.000179
163.22	0.000188
163.30	0.000176
163.39	0.000176
163.46	0.000175
163.55	0.000178
163.62	0.000181
163.71	0.000195
163.78	0.000182
163.87	0.000185
163.94	0.000192
164.03	0.000185
164.10	0.000197
164.19	0.000195
164.26	0.000189
164.35	0.000192
164.43	0.000176
164.50	0.000181
164.59	0.000174
164.66	0.000179
164.74	0.000189
164.83	0.000196
164.90	0.000189
164.98	0.000189
165.06	0.000200
165.15	0.000198
165.22	0.000192
165.31	0.000181
165.38	0.000177
165.47	0.000177
165.54	0.000181
165.62	0.000194
165.70	0.000193
165.78	0.000179
165.86	0.000186
165.94	0.000186
166.02	0.000181
166.10	0.000184
166.18	0.000186
166.26	0.000190
166.34	0.000188
166.42	0.000187
166.50	0.000180
166.58	0.000182
166.66	0.000187
166.75	0.000184
166.82	0.000186
166.90	0.000192
166.98	0.000195
167.06	0.000186
167.14	0.000188
167.22	0.000186
167.30	0.000200
167.38	0.000196
167.46	0.000191
167.54	0.000190
167.62	0.000186
167.70	0.000178
167.78	0.000180
167.86	0.000184
167.94	0.000178
168.02	0.000177
168.10	0.000189
168.17	0.000178
168.25	0.000181
168.34	0.000179
168.41	0.000183
168.50	0.000183
168.57	0.000182
168.66	0.000184
168.73	0.000192
168.82	0.000188
168.90	0.000181
168.97	0.000183
169.06	0.000184
169.13	0.000180
169.22	0.000177
169.30	0.000186
169.37	0.000184
169.45	0.000195
169.54	0.000189
169.61	0.000179
169.70	0.000172
169.78	0.000178
169.85	0.000176
169.94	0.000185
170.01	0.000176
170.10	0.000190
170.17	0.000184
170.25	0.000191
170.34	0.000191
170.41	0.000177
170.49	0.000175
170.57	0.000183
170.65	0.000184
170.73	0.000178
170.81	0.000184
170.89	0.000192
170.97	0.000193
171.05	0.000187
171.13	0.000188
171.21	0.000192
171.29	0.000192
171.37	0.000182
171.45	0.000185
171.53	0.000192
171.61	0.000185
171.69	0.000187
171.77	0.000185
171.85	0.000180
171.93	0.000175
172.01	0.000181
172.09	0.000192
172.17	0.000187
172.25	0.000186
172.33	0.000182
172.41	0.000189
172.49	0.000199
172.57	0.000187
172.65	0.000188
172.73	0.000188
172.81	0.000190
172.89	0.000192
172.97	0.000200
173.05	0.000194
173.13	0.000183
173.21	0.000181
173.29	0.000185
173.38	0.000176
173.45	0.000170
173.54	0.000186
173.61	0.000191
173.69	0.000184
173.78	0.000177
173.85	0.000174
173.94	0.000175
174.02	0.000180
174.09	0.000186
174.18	0.000188
174.25	0.000174
174.33	0.000175
174.42	0.000176
174.49	0.000188
174.58	0.000175
174.66	0.000171
174.73	0.000168
174.81	0.000179
174.90	0.000180
174.97	0.000188
175.05	0.000188
175.13	0.000180
175.21	0.000180
175.29	0.000181
175.37	0.000179
175.45	0.000178
175.53	0.000174
175.61	0.000180
175.69	0.000175
175.78	0.000177
175.85	0.000171
175.93	0.000175
176.01	0.000171
176.09	0.000166
176.17	0.000175
176.25	0.000184
176.33	0.000192
176.41	0.000184
176.49	0.000175
176.57	0.000180
176.65	0.000183
176.73	0.000185
176.81	0.000170
176.88	0.000177
176.97	0.000166
177.05	0.000174
177.13	0.000182
177.21	0.000177
177.29	0.000173
177.37	0.000173
177.45	0.000171
177.53	0.000170
177.61	0.000171
177.69	0.000163
177.77	0.000160
177.85	0.000161
177.93	0.000167
178.01	0.000180
178.09	0.000171
178.17	0.000164
178.25	0.000164
178.33	0.000170
178.41	0.000169
178.49	0.000160
178.57	0.000163
178.65	0.000172
178.74	0.000172
178.82	0.000175
178.89	0.000179
178.97	0.000176
179.05	0.000172
179.13	0.000178
179.21	0.000178
179.29	0.000171
179.37	0.000170
179.45	0.000172
179.53	0.000168
179.61	0.000173
179.69	0.000163
179.77	0.000162
179.85	0.000171
179.93	0.000165
180.01	0.000162
180.09	0.000172
180.17	0.000169
180.25	0.000168
180.32	0.000178
180.41	0.000174
180.49	0.000174
180.57	0.000165
180.65	0.000164
180.72	0.000160
180.81	0.000165
180.88	0.000167
180.97	0.000169
181.05	0.000172
181.13	0.000182
181.20	0.000169
181.29	0.000176
181.36	0.000179
181.45	0.000188
181.52	0.000188
181.60	0.000186
181.69	0.000183
181.76	0.000182
181.85	0.000184
181.92	0.000175
182.01	0.000183
182.09	0.000177
182.16	0.000188
182.25	0.000181
182.33	0.000173
182.40	0.000175
182.49	0.000171
182.57	0.000164
182.64	0.000178
182.72	0.000174
182.81	0.000167
182.88	0.000176
182.97	0.000172
183.04	0.000181
183.13	0.000176
183.20	0.000175
183.29	0.000172
183.37	0.000174
183.44	0.000166
183.53	0.000169
183.60	0.000165
183.69	0.000170
183.77	0.000175
183.85	0.000179
183.93	0.000169
184.01	0.000170
184.09	0.000168
184.17	0.000167
184.25	0.000174
184.32	0.000173
184.41	0.000169
184.48	0.000167
184.57	0.000162
184.64	0.000164
184.73	0.000164
184.80	0.000166
184.88	0.000174
184.97	0.000174
185.04	0.000167
185.13	0.000160
185.20	0.000164
185.29	0.000161
185.36	0.000161
185.45	0.000161
185.52	0.000166
185.60	0.000177
185.69	0.000175
185.77	0.000168
185.85	0.000170
185.92	0.000171
186.01	0.000170
186.09	0.000174
186.16	0.000174
186.24	0.000180
186.31	0.000169
186.40	0.000167
186.47	0.000177
186.56	0.000169
186.64	0.000164
186.71	0.000161
186.80	0.000174
186.87	0.000177
186.95	0.000177
187.04	0.000171
187.11	0.000167
187.20	0.000172
187.27	0.000180
187.36	0.000165
187.43	0.000164
187.52	0.000161
187.60	0.000167
187.67	0.000172
187.76	0.000170
187.84	0.000175
187.91	0.000175
188.00	0.000176
188.08	0.000175
188.16	0.000177
188.24	0.000169
188.32	0.000170
188.40	0.000170
188.48	0.000163
188.56	0.000173
188.64	0.000163
188.72	0.000159
188.80	0.000161
188.88	0.000162
188.96	0.000177
189.04	0.000177
189.12	0.000176
189.20	0.000173
189.28	0.000180
189.36	0.000175
189.44	0.000180
189.52	0.000175
189.60	0.000177
189.68	0.000179
189.76	0.000175
189.84	0.000172
189.92	0.000170
190.00	0.000172
190.08	0.000165
190.16	0.000168
190.24	0.000172
190.32	0.000172
190.40	0.000183
190.47	0.000177
190.56	0.000179
190.63	0.000177
190.72	0.000177
190.79	0.000175
190.87	0.000154
190.95	0.000154
191.04	0.000158
191.12	0.000171
191.19	0.000169
191.28	0.000164
191.36	0.000172
191.44	0.000179
191.51	0.000175
191.59	0.000176
191.67	0.000175
191.76	0.000173
191.83	0.000170
191.91	0.000173
192.00	0.000170
192.07	0.000168
192.15	0.000174
192.24	0.000180
192.31	0.000172
192.39	0.000183
192.48	0.000178
192.56	0.000176
192.64	0.000177
192.71	0.000184
192.80	0.000183
192.87	0.000175
192.96	0.000176
193.03	0.000183
193.11	0.000179
193.20	0.000168
193.28	0.000177
193.35	0.000172
193.44	0.000172
193.51	0.000179
193.60	0.000188
193.68	0.000185
193.76	0.000174
193.84	0.000169
193.92	0.000166
194.00	0.000170
194.08	0.000175
194.16	0.000173
194.24	0.000167
194.32	0.000171
194.40	0.000171
194.48	0.000168
194.56	0.000175
194.64	0.000165
194.72	0.000171
194.80	0.000178
194.88	0.000174
194.96	0.000178
195.04	0.000180
195.12	0.000182
195.19	0.000178
195.28	0.000168
195.37	0.000186
195.44	0.000180
195.51	0.000181
195.60	0.000183
195.67	0.000173
195.76	0.000172
195.83	0.000173
195.91	0.000179
196.00	0.000179
196.07	0.000189
196.15	0.000186
196.24	0.000198
196.32	0.000188
196.41	0.000191
196.48	0.000184
196.56	0.000175
196.64	0.000174
196.72	0.000184
196.80	0.000178
196.88	0.000188
196.96	0.000184
197.04	0.000180
197.12	0.000195
197.20	0.000192
197.28	0.000186
197.36	0.000189
197.44	0.000183
197.52	0.000183
197.60	0.000186
197.68	0.000189
197.76	0.000189
197.84	0.000188
197.92	0.000193
198.01	0.000193
198.09	0.000187
198.16	0.000193
198.25	0.000189
198.32	0.000190
198.40	0.000188
198.49	0.000184
198.56	0.000189
198.65	0.000191
198.72	0.000198
198.81	0.000193
198.88	0.000195
198.97	0.000190
199.04	0.000190
199.13	0.000202
199.20	0.000194
199.29	0.000191
199.36	0.000191
199.45	0.000199
199.52	0.000194
199.60	0.000187
199.69	0.000196
199.76	0.000196
199.85	0.000190
199.92	0.000194
200.00	0.000193
200.08	0.000190
200.16	0.000196
200.24	0.000203
200.32	0.000197
200.40	0.000198
200.48	0.000199
200.56	0.000193
200.64	0.000198
200.72	0.000204
200.80	0.000199
200.89	0.000195
200.96	0.000203
201.04	0.000209
201.12	0.000202
201.20	0.000203
201.28	0.000202
201.36	0.000198
201.44	0.000201
201.52	0.000194
201.60	0.000191
201.68	0.000196
201.76	0.000204
201.85	0.000204
201.93	0.000206
202.00	0.000206
202.09	0.000206
202.17	0.000206
202.24	0.000209
202.33	0.000209
202.41	0.000202
202.49	0.000201
202.57	0.000198
202.65	0.000198
202.72	0.000207
202.81	0.000205
202.89	0.000201
202.96	0.000205
203.05	0.000202
203.12	0.000205
203.21	0.000206
203.28	0.000204
203.37	0.000202
203.44	0.000193
203.53	0.000196
203.60	0.000196
203.69	0.000205
203.76	0.000204
203.85	0.000207
203.93	0.000202
204.00	0.000198
204.09	0.000204
204.16	0.000210
204.25	0.000216
204.32	0.000215
204.40	0.000214
204.49	0.000217
204.56	0.000220
204.65	0.000216
204.72	0.000212
204.81	0.000211
204.88	0.000206
204.97	0.000214
205.04	0.000216
205.13	0.000207
205.21	0.000209
205.29	0.000204
205.36	0.000212
205.44	0.000200
205.52	0.000215
205.60	0.000212
205.68	0.000216
205.76	0.000223
205.84	0.000217
205.92	0.000217
206.00	0.000210
206.08	0.000220
206.17	0.000223
206.24	0.000219
206.32	0.000218
206.40	0.000218
206.49	0.000221
206.56	0.000217
206.64	0.000208
206.72	0.000221
206.80	0.000216
206.89	0.000211
206.96	0.000213
207.05	0.000210
207.12	0.000211
207.20	0.000205
207.29	0.000209
207.36	0.000212
207.44	0.000217
207.53	0.000222
207.60	0.000224
207.68	0.000221
207.77	0.000214
207.84	0.000215
207.92	0.000214
208.00	0.000220
208.09	0.000212
208.16	0.000225
208.25	0.000220
208.32	0.000220
208.40	0.000220
208.49	0.000214
208.57	0.000233
208.65	0.000232
208.73	0.000230
208.81	0.000221
208.88	0.000228
208.97	0.000224
209.04	0.000231
209.13	0.000237
209.21	0.000233
209.28	0.000234
209.37	0.000227
209.44	0.000219
209.53	0.000228
209.61	0.000226
209.68	0.000225
209.76	0.000226
209.85	0.000220
209.93	0.000221
210.00	0.000218
210.09	0.000216
210.17	0.000217
210.24	0.000225
210.32	0.000226
210.40	0.000227
210.48	0.000223
210.56	0.000225
210.64	0.000229
210.72	0.000222
210.80	0.000215
210.88	0.000220
210.96	0.000218
211.04	0.000215
211.12	0.000205
211.20	0.000216
211.29	0.000224
211.36	0.000226
211.44	0.000223
211.53	0.000237
211.61	0.000232
211.68	0.000224
211.77	0.000209
211.84	0.000223
211.92	0.000223
212.01	0.000228
212.08	0.000224
212.16	0.000214
212.25	0.000226
212.32	0.000229
212.41	0.000232
212.49	0.000238
212.56	0.000239
212.65	0.000235
212.72	0.000231
212.81	0.000237
212.88	0.000233
212.96	0.000221
213.05	0.000232
213.13	0.000224
213.21	0.000228
213.28	0.000233
213.37	0.000235
213.45	0.000232
213.52	0.000230
213.61	0.000231
213.68	0.000223
213.77	0.000227
213.84	0.000233
213.92	0.000232
214.01	0.000226
214.08	0.000216
214.16	0.000235
214.24	0.000227
214.32	0.000223
214.40	0.000222
214.48	0.000230
214.56	0.000229
214.64	0.000227
214.72	0.000228
214.80	0.000232
214.88	0.000233
214.96	0.000233
215.04	0.000231
215.12	0.000233
215.20	0.000235
215.28	0.000224
215.36	0.000231
215.44	0.000227
215.52	0.000233
215.60	0.000235
215.68	0.000230
215.75	0.000239
215.84	0.000242
215.91	0.000231
215.99	0.000220
216.08	0.000229
216.16	0.000219
216.24	0.000220
216.32	0.000220
216.40	0.000221
216.48	0.000225
216.56	0.000226
216.64	0.000233
216.72	0.000231
216.80	0.000237
216.88	0.000230
216.96	0.000241
217.04	0.000238
217.12	0.000231
217.20	0.000244
217.28	0.000236
217.36	0.000236
217.44	0.000234
217.52	0.000233
217.60	0.000227
217.68	0.000230
217.76	0.000222
217.85	0.000228
217.92	0.000228
218.00	0.000230
218.08	0.000231
218.16	0.000228
218.24	0.000228
218.32	0.000232
218.40	0.000232
218.48	0.000230
218.56	0.000219
218.64	0.000215
218.72	0.000233
218.81	0.000225
218.88	0.000226
218.96	0.000230
219.04	0.000222
219.12	0.000219
219.20	0.000221
219.28	0.000225
219.36	0.000228
219.44	0.000231
219.52	0.000232
219.60	0.000233
219.68	0.000230
219.76	0.000235
219.84	0.000230
219.91	0.000238
220.00	0.000235
220.08	0.000235
220.15	0.000234
220.24	0.000228
220.31	0.000235
220.40	0.000233
220.47	0.000226
220.56	0.000234
220.63	0.000234
220.71	0.000223
220.80	0.000229
220.87	0.000225
220.96	0.000232
221.04	0.000229
221.11	0.000223
221.20	0.000233
221.27	0.000225
221.36	0.000233
221.43	0.000230
221.51	0.000226
221.60	0.000229
221.67	0.000222
221.75	0.000218
221.84	0.000228
221.91	0.000219
222.00	0.000223
222.08	0.000222
222.16	0.000226
222.24	0.000237
222.32	0.000231
222.40	0.000233
222.48	0.000224
222.56	0.000233
222.64	0.000227
222.72	0.000229
222.80	0.000229
222.88	0.000234
222.96	0.000227
223.04	0.000223
223.12	0.000228
223.20	0.000226
223.28	0.000225
223.36	0.000226
223.44	0.000214
223.52	0.000220
223.61	0.000215
223.68	0.000219
223.76	0.000224
223.85	0.000223
223.93	0.000222
224.00	0.000214
224.09	0.000215
224.16	0.000221
224.25	0.000219
224.32	0.000219
224.40	0.000226
224.49	0.000227
224.56	0.000223
224.64	0.000213
224.72	0.000217
224.80	0.000216
224.88	0.000224
224.96	0.000211
225.04	0.000210
225.12	0.000218
225.20	0.000207
225.28	0.000207
225.36	0.000212
225.44	0.000218
225.52	0.000209
225.60	0.000210
225.68	0.000207
225.76	0.000212
225.84	0.000213
225.92	0.000207
226.00	0.000211
226.08	0.000207
226.16	0.000209
226.24	0.000221
226.32	0.000218
226.40	0.000210
226.48	0.000204
226.56	0.000201
226.64	0.000215
226.72	0.000219
226.80	0.000215
226.88	0.000214
226.96	0.000212
227.04	0.000205
227.12	0.000215
227.20	0.000219
227.28	0.000207
227.36	0.000208
227.44	0.000211
227.52	0.000217
227.60	0.000211
227.68	0.000211
227.77	0.000213
227.84	0.000224
227.93	0.000227
228.00	0.000223
228.09	0.000216
228.16	0.000217
228.25	0.000216
228.32	0.000217
228.41	0.000221
228.48	0.000210
228.57	0.000218
228.64	0.000215
228.73	0.000221
228.80	0.000220
228.89	0.000214
228.96	0.000221
229.05	0.000214
229.12	0.000210
229.21	0.000211
229.28	0.000209
229.37	0.000216
229.44	0.000216
229.52	0.000212
229.60	0.000209
229.68	0.000206
229.76	0.000214
229.84	0.000208
229.92	0.000209
230.00	0.000218
230.08	0.000215
230.16	0.000217
230.24	0.000208
230.32	0.000213
230.40	0.000220
230.48	0.000218
230.56	0.000217
230.64	0.000205
230.72	0.000199
230.80	0.000212
230.88	0.000210
230.96	0.000221
231.04	0.000205
231.12	0.000200
231.20	0.000212
231.28	0.000208
231.36	0.000208
231.44	0.000205
231.52	0.000204
231.60	0.000209
231.68	0.000203
231.76	0.000213
231.84	0.000217
231.92	0.000216
232.00	0.000208
232.08	0.000213
232.16	0.000215
232.24	0.000209
232.32	0.000203
232.40	0.000208
232.48	0.000222
232.57	0.000208
232.64	0.000205
232.72	0.000195
232.80	0.000202
232.89	0.000203
232.96	0.000204
233.05	0.000210
233.12	0.000205
233.21	0.000199
233.28	0.000193
233.37	0.000200
233.44	0.000203
233.53	0.000205
233.60	0.000214
233.69	0.000207
233.76	0.000207
233.85	0.000205
233.92	0.000193
234.01	0.000204
234.08	0.000197
234.16	0.000203
234.24	0.000186
234.33	0.000189
234.40	0.000189
234.48	0.000194
234.56	0.000201
234.64	0.000201
234.72	0.000203
234.80	0.000196
234.88	0.000189
234.96	0.000191
235.04	0.000197
235.12	0.000204
235.20	0.000192
235.28	0.000185
235.36	0.000180
235.44	0.000189
235.51	0.000188
235.60	0.000185
235.68	0.000190
235.76	0.000189
235.84	0.000189
235.92	0.000196
236.00	0.000196
236.08	0.000194
236.16	0.000199
236.24	0.000193
236.32	0.000195
236.40	0.000200
236.48	0.000191
236.56	0.000197
236.64	0.000196
236.72	0.000192
236.80	0.000189
236.88	0.000198
236.96	0.000196
237.04	0.000198
237.12	0.000187
237.20	0.000187
237.28	0.000195
237.36	0.000196
237.44	0.000190
237.52	0.000194
237.60	0.000194
237.69	0.000195
237.76	0.000186
237.84	0.000188
237.93	0.000186
238.01	0.000185
238.08	0.000195
238.16	0.000198
238.24	0.000197
238.32	0.000200
238.40	0.000190
238.48	0.000189
238.56	0.000188
238.64	0.000192
238.72	0.000190
238.80	0.000201
238.88	0.000196
238.96	0.000186
239.04	0.000180
239.12	0.000181
239.20	0.000180
239.28	0.000196
239.35	0.000191
239.44	0.000190
239.51	0.000192
239.59	0.000182
239.68	0.000183
239.75	0.000192
239.84	0.000194
239.91	0.000177
240.00	0.000178
240.07	0.000177
240.16	0.000181
240.24	0.000184
240.31	0.000196
240.40	0.000190
240.48	0.000182
240.55	0.000185
240.64	0.000182
240.72	0.000188
240.80	0.000193
240.87	0.000191
240.96	0.000185
241.03	0.000187
241.11	0.000193
241.20	0.000182
241.27	0.000191
241.36	0.000182
241.43	0.000188
241.52	0.000182
241.60	0.000183
241.67	0.000189
241.76	0.000184
241.84	0.000188
241.92	0.000190
241.99	0.000193
242.08	0.000190
242.15	0.000187
242.23	0.000191
242.32	0.000183
242.40	0.000192
242.48	0.000189
242.56	0.000188
242.64	0.000183
242.72	0.000193
242.80	0.000192
242.88	0.000190
242.96	0.000187
243.04	0.000183
243.13	0.000175
243.20	0.000173
243.28	0.000181
243.35	0.000189
243.44	0.000186
243.52	0.000187
243.60	0.000183
243.67	0.000193
243.76	0.000193
243.84	0.000178
243.91	0.000175
244.00	0.000172
244.08	0.000177
244.15	0.000183
244.24	0.000178
244.31	0.000180
244.39	0.000179
244.48	0.000186
244.55	0.000184
244.64	0.000183
244.71	0.000185
244.80	0.000188
244.87	0.000171
244.95	0.000173
245.04	0.000179
245.11	0.000183
245.19	0.000182
245.27	0.000180
245.35	0.000183
245.43	0.000179
245.51	0.000177
245.59	0.000182
245.67	0.000179
245.75	0.000170
245.83	0.000180
245.91	0.000181
245.99	0.000182
246.07	0.000187
246.15	0.000182
246.23	0.000178
246.31	0.000176
246.39	0.000180
246.47	0.000180
246.55	0.000176
246.63	0.000174
246.72	0.000178
246.79	0.000183
246.88	0.000175
246.95	0.000176
247.04	0.000176
247.12	0.000172
247.19	0.000173
247.28	0.000173
247.36	0.000176
247.43	0.000178
247.52	0.000174
247.59	0.000178
247.68	0.000172
247.75	0.000173
247.84	0.000175
247.92	0.000180
248.00	0.000161
248.07	0.000169
248.15	0.000173
248.24	0.000168
248.31	0.000168
248.39	0.000173
248.48	0.000166
248.56	0.000164
248.63	0.000166
248.72	0.000159
248.79	0.000166
248.87	0.000173
248.96	0.000166
249.04	0.000165
249.12	0.000171
249.19	0.000172
249.28	0.000164
249.35	0.000160
249.44	0.000169
249.51	0.000185
249.60	0.000179
249.67	0.000177
249.75	0.000178
249.83	0.000182
249.91	0.000172
249.99	0.000164
250.07	0.000165
250.16	0.000169
250.23	0.000168
250.32	0.000175
250.40	0.000163
250.47	0.000158
250.56	0.000164
250.64	0.000163
250.72	0.000173
250.79	0.000177
250.88	0.000170
250.95	0.000168
251.04	0.000178
251.12	0.000173
251.19	0.000169
251.27	0.000159
251.36	0.000157
251.43	0.000174
251.52	0.000168
251.60	0.000166
251.68	0.000172
251.76	0.000172
251.84	0.000167
251.92	0.000167
252.00	0.000171
252.08	0.000174
252.16	0.000176
252.24	0.000166
252.32	0.000177
252.40	0.000178
252.48	0.000171
252.56	0.000162
252.64	0.000164
252.72	0.000173
252.80	0.000168
252.88	0.000160
252.96	0.000165
253.05	0.000163
253.13	0.000169
253.20	0.000170
253.28	0.000163
253.36	0.000162
253.44	0.000154
253.52	0.000161
253.60	0.000155
253.68	0.000160
253.76	0.000165
253.84	0.000163
253.92	0.000169
254.00	0.000173
254.07	0.000170
254.15	0.000168
254.23	0.000166
254.32	0.000164
254.39	0.000158
254.48	0.000162
254.55	0.000160
254.64	0.000161
254.71	0.000160
254.80	0.000163
254.87	0.000163
254.96	0.000163
255.03	0.000172
255.12	0.000168
255.19	0.000166
255.28	0.000162
255.35	0.000164
255.43	0.000165
255.52	0.000167
255.59	0.000158
255.68	0.000166
255.76	0.000173
255.84	0.000174
255.92	0.000171
256.00	0.000169
256.08	0.000165
256.16	0.000168
256.24	0.000161
256.32	0.000161
256.40	0.000154
256.48	0.000152
256.56	0.000157
256.64	0.000152
256.72	0.000154
256.80	0.000162
256.88	0.000153
256.96	0.000154
257.04	0.000159
257.12	0.000158
257.20	0.000166
257.28	0.000170
257.36	0.000166
257.44	0.000164
257.52	0.000160
257.60	0.000156
257.68	0.000165
257.76	0.000164
257.84	0.000156
257.92	0.000160
258.00	0.000165
258.08	0.000169
258.16	0.000160
258.24	0.000151
258.32	0.000160
258.40	0.000161
258.48	0.000162
258.56	0.000161
258.65	0.000162
258.72	0.000160
258.80	0.000158
258.88	0.000163
258.96	0.000166
259.04	0.000166
259.12	0.000160
259.20	0.000157
259.27	0.000160
259.37	0.000162
259.44	0.000157
259.51	0.000152
259.60	0.000161
259.67	0.000166
259.76	0.000160
259.83	0.000165
259.91	0.000155
260.00	0.000157
260.07	0.000157
260.16	0.000156
260.24	0.000156
260.32	0.000152
260.40	0.000151
260.48	0.000154
260.57	0.000163
260.64	0.000159
260.73	0.000157
260.80	0.000159
260.89	0.000166
260.97	0.000164
261.04	0.000159
261.12	0.000161
261.21	0.000155
261.28	0.000158
261.37	0.000167
261.45	0.000166
261.53	0.000161
261.60	0.000153
261.68	0.000162
261.77	0.000168
261.84	0.000165
261.93	0.000164
262.00	0.000166
262.09	0.000160
262.17	0.000170
262.25	0.000161
262.33	0.000159
262.41	0.000165
262.49	0.000160
262.57	0.000157
262.64	0.000172
262.73	0.000168
262.81	0.000166
262.89	0.000163
262.97	0.000152
263.05	0.000160
263.13	0.000156
263.20	0.000158
263.29	0.000161
263.36	0.000156
263.44	0.000150
263.53	0.000156
263.60	0.000154
263.69	0.000150
263.76	0.000152
263.85	0.000156
263.93	0.000150
264.00	0.000158
264.09	0.000160
264.16	0.000155
264.24	0.000155
264.32	0.000146
264.40	0.000148
264.48	0.000153
264.57	0.000156
264.64	0.000161
264.72	0.000142
264.80	0.000154
264.88	0.000158
264.96	0.000156
265.04	0.000158
265.12	0.000158
265.20	0.000161
265.28	0.000159
265.37	0.000149
265.44	0.000153
265.52	0.000154
265.61	0.000155
265.69	0.000161
265.76	0.000154
265.85	0.000160
265.93	0.000165
266.01	0.000162
266.08	0.000170
266.17	0.000157
266.24	0.000161
266.33	0.000159
266.40	0.000158
266.49	0.000149
266.56	0.000162
266.65	0.000157
266.72	0.000156
266.81	0.000151
266.89	0.000159
266.97	0.000157
267.05	0.000167
267.13	0.000162
267.21	0.000156
267.29	0.000157
267.37	0.000154
267.45	0.000158
267.53	0.000146
267.61	0.000148
267.69	0.000145
267.76	0.000149
267.85	0.000147
267.94	0.000153
268.01	0.000154
268.08	0.000155
268.17	0.000163
268.24	0.000161
268.33	0.000158
268.40	0.000158
268.48	0.000156
268.57	0.000158
268.64	0.000164
268.73	0.000165
268.80	0.000156
268.89	0.000154
268.97	0.000161
269.04	0.000160
269.13	0.000155
269.20	0.000161
269.29	0.000157
269.37	0.000162
269.44	0.000159
269.52	0.000152
269.60	0.000150
269.68	0.000154
269.76	0.000153
269.84	0.000157
269.92	0.000161
270.00	0.000164
270.08	0.000153
270.17	0.000151
270.25	0.000153
270.32	0.000156
270.40	0.000165
270.48	0.000160
270.57	0.000166
270.64	0.000162
270.73	0.000166
270.80	0.000167
270.89	0.000164
270.97	0.000162
271.04	0.000154
271.13	0.000152
271.21	0.000150
271.28	0.000157
271.37	0.000157
271.45	0.000151
271.52	0.000147
271.61	0.000150
271.68	0.000151
271.77	0.000156
271.84	0.000164
271.93	0.000159
272.01	0.000162
272.08	0.000160
272.17	0.000163
272.24	0.000158
272.33	0.000163
272.40	0.000158
272.49	0.000156
272.56	0.000153
272.65	0.000154
272.73	0.000156
272.80	0.000151
272.88	0.000163
272.96	0.000163
273.05	0.000162
273.12	0.000166
273.20	0.000165
273.28	0.000154
273.36	0.000150
273.44	0.000160
273.52	0.000163
273.60	0.000156
273.68	0.000157
273.76	0.000158
273.84	0.000160
273.92	0.000150
274.00	0.000152
274.08	0.000154
274.16	0.000167
274.24	0.000157
274.32	0.000162
274.40	0.000168
274.48	0.000170
274.56	0.000162
274.64	0.000161
274.71	0.000156
274.80	0.000173
274.87	0.000173
274.96	0.000164
275.04	0.000152
275.12	0.000160
275.19	0.000155
275.27	0.000147
275.36	0.000154
275.44	0.000154
275.52	0.000162
275.60	0.000157
275.68	0.000155
275.76	0.000163
275.84	0.000173
275.93	0.000171
276.00	0.000169
276.08	0.000176
276.16	0.000169
276.24	0.000161
276.32	0.000170
276.40	0.000159
276.48	0.000163
276.56	0.000161
276.64	0.000172
276.72	0.000165
276.81	0.000168
276.88	0.000167
276.96	0.000173
277.04	0.000164
277.12	0.000163
277.20	0.000164
277.28	0.000168
277.36	0.000159
277.44	0.000158
277.52	0.000161
277.60	0.000166
277.68	0.000163
277.76	0.000169
277.84	0.000164
277.92	0.000166
278.00	0.000165
278.08	0.000161
278.16	0.000164
278.24	0.000170
278.33	0.000174
278.40	0.000165
278.48	0.000157
278.56	0.000158
278.63	0.000162
278.72	0.000160
278.80	0.000173
278.88	0.000168
278.96	0.000170
279.03	0.000161
279.12	0.000156
279.19	0.000162
279.27	0.000166
279.36	0.000171
279.43	0.000170
279.51	0.000174
279.60	0.000177
279.67	0.000169
279.76	0.000175
279.83	0.000181
279.92	0.000164
280.00	0.000167
280.07	0.000165
280.15	0.000176
280.24	0.000173
280.31	0.000171
280.40	0.000166
280.47	0.000162
280.56	0.000151
280.63	0.000162
280.72	0.000154
280.80	0.000159
280.88	0.000166
280.96	0.000164
281.04	0.000169
281.12	0.000168
281.19	0.000169
281.28	0.000171
281.36	0.000173
281.44	0.000161
281.52	0.000168
281.60	0.000169
281.68	0.000161
281.76	0.000168
281.84	0.000169
281.92	0.000174
282.00	0.000171
282.09	0.000172
282.16	0.000173
282.24	0.000171
282.32	0.000174
282.40	0.000169
282.48	0.000165
282.56	0.000161
282.64	0.000166
282.72	0.000154
282.80	0.000159
282.88	0.000159
282.96	0.000158
283.04	0.000166
283.12	0.000159
283.20	0.000167
283.28	0.000161
283.36	0.000158
283.44	0.000160
283.52	0.000162
283.59	0.000157
283.68	0.000165
283.76	0.000167
283.84	0.000167
283.91	0.000171
284.00	0.000170
284.08	0.000172
284.15	0.000162
284.24	0.000171
284.31	0.000178
284.40	0.000172
284.47	0.000182
284.56	0.000175
284.64	0.000183
284.72	0.000188
284.80	0.000169
284.87	0.000172
284.95	0.000169
285.04	0.000167
285.11	0.000170
285.20	0.000168
285.28	0.000172
285.35	0.000181
285.44	0.000179
285.52	0.000178
285.59	0.000168
285.68	0.000182
285.75	0.000180
285.84	0.000174
285.92	0.000181
285.99	0.000188
286.08	0.000188
286.15	0.000183
286.24	0.000184
286.32	0.000184
286.39	0.000180
286.49	0.000174
286.56	0.000180
286.64	0.000181
286.72	0.000187
286.80	0.000188
286.88	0.000191
286.96	0.000193
287.04	0.000189
287.12	0.000190
287.20	0.000197
287.28	0.000189
287.36	0.000191
287.44	0.000190
287.52	0.000189
287.60	0.000197
287.68	0.000195
287.76	0.000195
287.84	0.000201
287.92	0.000193
288.00	0.000188
288.07	0.000205
288.14	0.000208
288.23	0.000205
288.31	0.000199
288.39	0.000200
288.46	0.000205
288.55	0.000206
288.62	0.000206
288.71	0.000204
288.79	0.000200
288.86	0.000201
288.95	0.000193
289.03	0.000202
289.11	0.000201
289.18	0.000205
289.27	0.000213
289.34	0.000223
289.43	0.000207
289.50	0.000206
289.58	0.000216
289.67	0.000213
289.74	0.000200
289.82	0.000216
289.90	0.000216
289.99	0.000214
290.07	0.000220
290.14	0.000218
290.23	0.000222
290.30	0.000224
290.39	0.000217
290.46	0.000222
290.54	0.000235
290.63	0.000226
290.70	0.000220
290.78	0.000227
290.86	0.000229
290.94	0.000230
291.02	0.000235
291.11	0.000245
291.18	0.000243
291.27	0.000236
291.34	0.000237
291.42	0.000246
291.51	0.000245
291.58	0.000240
291.67	0.000248
291.75	0.000239
291.82	0.000246
291.92	0.000240
291.99	0.000248
292.07	0.000252
292.15	0.000251
292.23	0.000247
292.31	0.000249
292.39	0.000255
292.47	0.000259
292.55	0.000253
292.63	0.000252
292.71	0.000250
292.79	0.000255
292.87	0.000258
292.95	0.000273
293.02	0.000265
293.11	0.000263
293.19	0.000272
293.27	0.000270
293.35	0.000264
293.42	0.000265
293.51	0.000273
293.58	0.000276
293.66	0.000276
293.75	0.000278
293.82	0.000282
293.91	0.000286
293.98	0.000278
294.07	0.000285
294.14	0.000294
294.23	0.000289
294.31	0.000300
294.38	0.000294
294.47	0.000295
294.55	0.000301
294.63	0.000299
294.70	0.000308
294.78	0.000305
294.87	0.000305
294.94	0.000308
295.02	0.000320
295.10	0.000318
295.19	0.000311
295.26	0.000317
295.34	0.000333
295.43	0.000336
295.50	0.000337
295.58	0.000346
295.67	0.000353
295.74	0.000348
295.82	0.000352
295.91	0.000345
295.98	0.000351
296.06	0.000361
296.15	0.000356
296.22	0.000372
296.30	0.000379
296.38	0.000377
296.47	0.000383
296.54	0.000378
296.63	0.000385
296.70	0.000384
296.79	0.000392
296.87	0.000397
296.95	0.000400
297.02	0.000403
297.11	0.000403
297.18	0.000406
297.27	0.000404
297.35	0.000408
297.42	0.000419
297.51	0.000420
297.59	0.000422
297.66	0.000430
297.75	0.000434
297.82	0.000433
297.91	0.000437
297.98	0.000434
298.07	0.000446
298.15	0.000451
298.23	0.000457
298.31	0.000460
298.39	0.000467
298.46	0.000464
298.55	0.000471
298.63	0.000473
298.70	0.000478
298.79	0.000477
298.86	0.000482
298.95	0.000494
299.02	0.000493
299.10	0.000495
299.19	0.000500
299.26	0.000512
299.35	0.000519
299.42	0.000518
299.51	0.000517
299.59	0.000526
299.66	0.000536
299.75	0.000537
299.82	0.000546
299.90	0.000549
299.99	0.000558
300.06	0.000570
300.14	0.000577
300.23	0.000574
300.31	0.000591
300.39	0.000596
300.46	0.000601
300.55	0.000610
300.63	0.000619
300.70	0.000626
300.79	0.000641
300.87	0.000641
300.95	0.000650
301.02	0.000664
301.11	0.000664
301.19	0.000676
301.27	0.000685
301.35	0.000694
301.43	0.000705
301.51	0.000713
301.59	0.000720
301.67	0.000720
301.75	0.000728
301.83	0.000731
301.91	0.000744
301.99	0.000746
302.07	0.000756
302.15	0.000759
302.23	0.000769
302.31	0.000774
302.38	0.000783
302.47	0.000784
302.54	0.000788
302.63	0.000801
302.70	0.000798
302.79	0.000810
302.87	0.000828
302.94	0.000841
303.02	0.000850
303.10	0.000854
303.18	0.000862
303.27	0.000872
303.34	0.000887
303.43	0.000902
303.50	0.000901
303.58	0.000915
303.67	0.000924
303.74	0.000928
303.82	0.000939
303.90	0.000948
303.99	0.000964
304.07	0.000984
304.15	0.000997
304.22	0.001005
304.31	0.001012
304.39	0.001013
304.46	0.001021
304.54	0.001033
304.63	0.001047
304.70	0.001046
304.79	0.001062
304.87	0.001078
304.94	0.001103
305.03	0.001118
305.11	0.001136
305.19	0.001150
305.27	0.001164
305.35	0.001179
305.43	0.001198
305.51	0.001225
305.59	0.001231
305.68	0.001245
305.75	0.001261
305.83	0.001272
305.91	0.001301
305.99	0.001325
306.07	0.001333
306.15	0.001343
306.23	0.001377
306.31	0.001386
306.39	0.001405
306.47	0.001419
306.55	0.001436
306.63	0.001454
306.71	0.001461
306.79	0.001459
306.86	0.001489
306.94	0.001511
307.02	0.001525
307.11	0.001543
307.18	0.001568
307.26	0.001582
307.34	0.001598
307.42	0.001612
307.50	0.001626
307.58	0.001647
307.66	0.001662
307.74	0.001673
307.82	0.001700
307.90	0.001711
307.98	0.001743
308.06	0.001766
308.13	0.001788
308.22	0.001813
308.29	0.001843
308.37	0.001853
308.46	0.001871
308.53	0.001900
308.61	0.001924
308.70	0.001954
308.77	0.001976
308.85	0.002008
308.94	0.002034
309.00	0.002067
309.08	0.002077
309.17	0.002112
309.24	0.002142
309.33	0.002175
309.40	0.002190
309.49	0.002224
309.57	0.002258
309.65	0.002287
309.73	0.002315
309.81	0.002342
309.89	0.002384
309.97	0.002421
310.05	0.002457
310.13	0.002489
310.21	0.002533
310.29	0.002573
310.37	0.002612
310.45	0.002638
310.53	0.002667
310.61	0.002714
310.69	0.002748
310.77	0.002781
310.85	0.002811
310.93	0.002864
311.01	0.002913
311.09	0.002951
311.17	0.002998
311.25	0.003044
311.33	0.003088
311.41	0.003127
311.50	0.003165
311.57	0.003182
311.65	0.003222
311.74	0.003254
311.81	0.003283
311.89	0.003328
311.98	0.003367
312.06	0.003412
312.13	0.003462
312.21	0.003510
312.29	0.003553
312.37	0.003586
312.45	0.003627
312.53	0.003674
312.61	0.003715
312.69	0.003747
312.77	0.003803
312.85	0.003854
312.93	0.003902
313.01	0.003963
313.09	0.004026
313.17	0.004078
313.25	0.004117
313.33	0.004167
313.41	0.004235
313.49	0.004277
313.57	0.004332
313.64	0.004392
313.73	0.004447
313.80	0.004503
313.88	0.004556
313.97	0.004609
314.04	0.004679
314.13	0.004740
314.21	0.004813
314.29	0.004869
314.37	0.004933
314.45	0.004983
314.53	0.005048
314.61	0.005101
314.69	0.005176
314.77	0.005258
314.85	0.005352
314.93	0.005427
315.01	0.005507
315.09	0.005589
315.17	0.005663
315.25	0.005729
315.33	0.005809
315.41	0.005888
315.49	0.005960
315.58	0.006040
315.65	0.006116
315.73	0.006185
315.81	0.006253
315.89	0.006336
315.98	0.006418
316.05	0.006509
316.13	0.006585
316.21	0.006662
316.30	0.006734
316.37	0.006806
316.45	0.006881
316.54	0.006958
316.61	0.007033
316.69	0.007110
316.77	0.007183
316.85	0.007267
316.93	0.007351
317.01	0.007439
317.09	0.007517
317.17	0.007595
317.25	0.007660
317.33	0.007721
317.41	0.007796
317.49	0.007883
317.57	0.007971
317.65	0.008060
317.73	0.008141
317.81	0.008238
317.89	0.008338
317.97	0.008436
318.05	0.008525
318.13	0.008627
318.21	0.008714
318.29	0.008816
318.37	0.008910
318.44	0.008992
318.53	0.009096
318.61	0.009178
318.69	0.009273
318.77	0.009374
318.84	0.009464
318.92	0.009570
319.01	0.009670
319.09	0.009779
319.17	0.009880
319.25	0.009986
319.33	0.010085
319.41	0.010180
319.49	0.010284
319.57	0.010387
319.65	0.010509
319.73	0.010629
319.81	0.010763
319.89	0.010900
319.97	0.011021
320.05	0.011145
320.13	0.011275
320.21	0.011374
320.29	0.011489
320.37	0.011597
320.45	0.011699
320.53	0.011807
320.61	0.011910
320.69	0.012021
320.77	0.012140
320.86	0.012248
320.93	0.012373
321.01	0.012487
321.09	0.012604
321.17	0.012716
321.26	0.012835
321.33	0.012932
321.41	0.013033
321.50	0.013128
321.57	0.013225
321.65	0.013327
321.74	0.013424
321.81	0.013538
321.89	0.013664
321.97	0.013784
322.06	0.013896
322.13	0.014004
322.21	0.014094
322.29	0.014190
322.37	0.014298
322.45	0.014396
322.53	0.014507
322.61	0.014614
322.69	0.014733
322.77	0.014840
322.85	0.014951
322.93	0.015061
323.01	0.015188
323.09	0.015317
323.17	0.015426
323.25	0.015548
323.33	0.015666
323.40	0.015775
323.49	0.015887
323.57	0.016000
323.64	0.016117
323.72	0.016226
323.81	0.016323
323.88	0.016450
323.97	0.016560
324.05	0.016671
324.13	0.016795
324.20	0.016924
324.29	0.017031
324.37	0.017148
324.45	0.017254
324.53	0.017379
324.61	0.017502
324.69	0.017634
324.77	0.017765
324.85	0.017905
324.93	0.018042
325.01	0.018164
325.09	0.018281
325.17	0.018403
325.25	0.018495
325.33	0.018603
325.41	0.018700
325.49	0.018789
325.57	0.018886
325.65	0.018982
325.73	0.019086
325.82	0.019193
325.89	0.019293
325.97	0.019396
326.06	0.019496
326.13	0.019597
326.21	0.019704
326.30	0.019797
326.37	0.019892
326.45	0.019977
326.54	0.020053
326.61	0.020136
326.69	0.020217
326.77	0.020291
326.85	0.020377
326.94	0.020464
327.01	0.020543
327.10	0.020612
327.17	0.020679
327.25	0.020737
327.33	0.020822
327.41	0.020900
327.49	0.020982
327.57	0.021074
327.65	0.021142
327.73	0.021214
327.81	0.021289
327.89	0.021362
327.97	0.021435
328.05	0.021510
328.13	0.021584
328.21	0.021658
328.29	0.021725
328.37	0.021794
328.44	0.021852
328.53	0.021910
328.61	0.021959
328.68	0.022011
328.77	0.022059
328.84	0.022115
328.92	0.022149
329.01	0.022196
329.08	0.022256
329.18	0.022315
329.25	0.022347
329.33	0.022389
329.41	0.022430
329.49	0.022456
329.57	0.022490
329.65	0.022549
329.73	0.022592
329.81	0.022636
329.89	0.022684
329.97	0.022716
330.05	0.022743
330.13	0.022761
330.21	0.022778
330.29	0.022779
330.37	0.022774
330.45	0.022776
330.53	0.022769
330.61	0.022765
330.69	0.022760
330.77	0.022755
330.85	0.022760
330.93	0.022758
331.01	0.022746
331.09	0.022722
331.17	0.022709
331.25	0.022704
331.33	0.022688
331.41	0.022665
331.49	0.022652
331.57	0.022627
331.65	0.022606
331.73	0.022567
331.81	0.022555
331.88	0.022533
331.97	0.022491
332.05	0.022439
332.13	0.022379
332.21	0.022334
332.28	0.022294
332.37	0.022255
332.44	0.022209
332.53	0.022175
332.60	0.022135
332.69	0.022070
332.76	0.022012
332.85	0.021946
332.92	0.021897
333.01	0.021835
333.08	0.021763
333.17	0.021702
333.25	0.021643
333.32	0.021575
333.40	0.021520
333.48	0.021442
333.57	0.021372
333.64	0.021287
333.72	0.021197
333.80	0.021108
333.88	0.021022
333.96	0.020941
334.05	0.020856
334.12	0.020756
334.20	0.020656
334.29	0.020558
334.37	0.020445
334.44	0.020336
334.52	0.020228
334.60	0.020119
334.69	0.020013
334.76	0.019918
334.85	0.019808
334.93	0.019696
335.01	0.019574
335.09	0.019453
335.17	0.019332
335.25	0.019201
335.33	0.019080
335.41	0.018947
335.49	0.018830
335.57	0.018703
335.64	0.018576
335.73	0.018455
335.81	0.018326
335.88	0.018202
335.97	0.018080
336.04	0.017958
336.13	0.017858
336.20	0.017740
336.29	0.017611
336.36	0.017494
336.45	0.017376
336.52	0.017246
336.61	0.017132
336.69	0.017012
336.77	0.016875
336.84	0.016757
336.93	0.016644
337.01	0.016520
337.09	0.016397
337.17	0.016275
337.25	0.016142
337.33	0.016024
337.41	0.015899
337.49	0.015775
337.57	0.015644
337.65	0.015521
337.73	0.015390
337.81	0.015268
337.88	0.015136
337.97	0.015011
338.04	0.014893
338.13	0.014773
338.53	0.014150
338.59	0.014012
338.68	0.013891
338.75	0.013773
338.84	0.013653
338.91	0.013534
339.00	0.013402
339.07	0.013285
339.16	0.013147
339.23	0.013025
339.32	0.012893
339.39	0.012756
339.48	0.012627
339.55	0.012502
339.64	0.012372
339.71	0.012243
339.80	0.012120
339.88	0.012000
339.96	0.011866
340.04	0.011748
340.12	0.011626
340.20	0.011517
340.28	0.011409
340.36	0.011304
340.44	0.011179
340.52	0.011072
340.60	0.010963
340.68	0.010850
340.76	0.010751
340.84	0.010642
340.92	0.010550
341.00	0.010448
341.08	0.010360
341.16	0.010267
341.24	0.010182
341.32	0.010084
341.40	0.009999
341.48	0.009907
341.56	0.009821
341.64	0.009736
341.72	0.009636
341.80	0.009544
341.88	0.009458
341.96	0.009381
342.04	0.009322
342.12	0.009239
342.20	0.009173
342.27	0.009085
342.36	0.008989
342.44	0.008903
342.52	0.008829
342.59	0.008744
342.68	0.008649
342.76	0.008566
342.84	0.008495
342.91	0.008415
343.00	0.008342
343.07	0.008276
343.16	0.008208
343.23	0.008142
343.32	0.008070
343.39	0.007997
343.48	0.007924
343.55	0.007839
343.64	0.007768
343.71	0.007699
343.80	0.007632
343.87	0.007572
343.96	0.007501
344.28	0.007237
344.35	0.007180
344.44	0.007115
344.51	0.007042
344.60	0.006969
344.67	0.006903
344.76	0.006839
344.83	0.006770
344.92	0.006707
344.99	0.006642
345.08	0.006600
345.15	0.006540
345.24	0.006490
345.32	0.006428
345.56	0.006280
345.64	0.006227
345.72	0.006166
345.80	0.006116
345.88	0.006070
345.96	0.006025
346.04	0.005995
346.12	0.005949
346.20	0.005914
346.28	0.005877
346.36	0.005839
346.44	0.005807
346.76	0.005616
346.84	0.005576
346.92	0.005545
347.00	0.005506
347.08	0.005494
347.15	0.005466
347.24	0.005435
347.32	0.005391
347.40	0.005354
347.47	0.005308
347.80	0.005155
347.87	0.005120
347.96	0.005080
348.03	0.005054
348.12	0.005022
348.20	0.004997
348.27	0.004957
348.36	0.004938
348.43	0.004901
348.52	0.004868
348.59	0.004836
348.83	0.004721
348.92	0.004697
348.99	0.004677
349.08	0.004656
349.15	0.004632
349.24	0.004596
349.31	0.004561
349.40	0.004530
349.47	0.004486
349.56	0.004462
349.63	0.004422
349.72	0.004376
350.04	0.004279
350.11	0.004268
350.20	0.004245
350.27	0.004223
350.36	0.004199
350.43	0.004180
350.52	0.004160
350.59	0.004133
350.68	0.004103
350.75	0.004065
350.83	0.004047
351.15	0.003951
351.23	0.003934
351.32	0.003937
351.39	0.003919
351.48	0.003911
351.55	0.003887
351.64	0.003864
351.71	0.003837
351.80	0.003818
351.87	0.003810
351.96	0.003801
352.20	0.003752
352.27	0.003734
352.36	0.003709
352.43	0.003690
352.52	0.003668
352.60	0.003654
352.67	0.003639
352.76	0.003614
352.83	0.003587
352.92	0.003570
353.24	0.003515
353.31	0.003498
353.40	0.003493
353.48	0.003475
353.56	0.003466
353.63	0.003440
353.72	0.003421
353.80	0.003403
353.88	0.003385
353.96	0.003370
354.04	0.003357
354.12	0.003351
354.20	0.003335
354.28	0.003323
354.36	0.003304
354.44	0.003291
354.52	0.003270
354.60	0.003247
354.68	0.003220
354.76	0.003200
354.84	0.003174
354.92	0.003156
355.00	0.003150
355.08	0.003142
355.17	0.003136
355.24	0.003125
355.32	0.003127
355.40	0.003100
355.48	0.003092
355.56	0.003078
355.64	0.003066
355.72	0.003058
355.80	0.003042
355.88	0.003027
355.96	0.003008
356.04	0.002993
356.12	0.002987
356.20	0.002972
356.28	0.002971
356.36	0.002949
356.44	0.002939
356.52	0.002932
356.60	0.002923
356.68	0.002913
356.76	0.002909
356.84	0.002907
356.92	0.002889
357.00	0.002891
357.08	0.002877
357.16	0.002874
357.24	0.002867
357.32	0.002850
357.39	0.002850
357.47	0.002830
357.56	0.002819
357.64	0.002801
357.71	0.002790
357.80	0.002776
357.88	0.002781
357.95	0.002764
358.04	0.002746
358.12	0.002729
358.19	0.002721
358.28	0.002720
358.36	0.002710
358.43	0.002699
358.52	0.002682
358.59	0.002679
358.68	0.002674
359.16	0.002623
359.23	0.002610
359.32	0.002600
359.39	0.002586
359.48	0.002565
359.55	0.002556
359.64	0.002540
359.71	0.002516
359.80	0.002503
359.87	0.002509
359.96	0.002496
360.03	0.002496
360.12	0.002485
360.19	0.002490
360.28	0.002483
360.35	0.002482
360.44	0.002462
360.51	0.002455
360.60	0.002454
360.67	0.002437
360.76	0.002419
360.83	0.002414
360.92	0.002410
360.99	0.002414
361.08	0.002390
361.15	0.002398
361.24	0.002387
361.31	0.002384
361.39	0.002393
361.47	0.002374
361.56	0.002369
361.63	0.002350
361.71	0.002333
361.79	0.002337
361.87	0.002338
361.95	0.002336
362.27	0.002311
362.35	0.002313
362.43	0.002302
362.51	0.002299
362.59	0.002286
362.67	0.002275
362.75	0.002276
362.82	0.002259
362.91	0.002260
362.99	0.002247
363.07	0.002232
363.14	0.002228
363.23	0.002218
363.55	0.002200
363.63	0.002193
363.71	0.002185
363.79	0.002180
363.87	0.002172
363.95	0.002162
364.03	0.002160
364.11	0.002152
364.19	0.002142
364.27	0.002137
364.35	0.002140
364.43	0.002124
364.51	0.002113
364.59	0.002103
364.67	0.002081
364.75	0.002075
364.83	0.002067
364.91	0.002069
364.99	0.002060
365.07	0.002065
365.15	0.002058
365.23	0.002061
365.32	0.002049
365.39	0.002040
365.48	0.002044
365.55	0.002034
365.64	0.002023
365.71	0.002026
365.80	0.002025
365.87	0.002013
365.96	0.001997
366.03	0.001991
366.12	0.001985
366.21	0.001978
366.83	0.001952
366.92	0.001950
366.99	0.001946
367.08	0.001929
367.15	0.001923
367.24	0.001917
367.31	0.001917
367.39	0.001918
367.47	0.001904
367.56	0.001899
367.63	0.001894
367.72	0.001884
367.79	0.001884
368.11	0.001855
368.20	0.001855
368.27	0.001852
368.36	0.001849
368.44	0.001843
368.51	0.001845
368.60	0.001836
368.67	0.001835
368.76	0.001824
368.83	0.001822
368.92	0.001821
368.99	0.001821
369.08	0.001813
369.15	0.001806
369.24	0.001805
369.32	0.001804
369.40	0.001791
369.48	0.001778
369.56	0.001766
369.63	0.001753
369.72	0.001749
369.79	0.001736
369.88	0.001738
369.95	0.001735
370.04	0.001722
370.11	0.001722
370.20	0.001724
370.27	0.001717
370.59	0.001705
370.68	0.001705
370.75	0.001699
370.84	0.001691
370.91	0.001688
371.00	0.001683
371.07	0.001682
371.16	0.001668
371.23	0.001668
371.32	0.001657
371.39	0.001644
371.48	0.001649
371.55	0.001636
371.88	0.001630
371.95	0.001631
372.04	0.001630
372.11	0.001613
372.19	0.001602
372.27	0.001604
372.35	0.001599
372.43	0.001599
372.51	0.001587
372.60	0.001590
372.67	0.001580
372.76	0.001574
372.83	0.001568
373.16	0.001558
373.23	0.001562
373.32	0.001556
373.39	0.001550
373.48	0.001559
373.55	0.001542
373.63	0.001540
373.71	0.001530
373.80	0.001527
373.87	0.001526
373.96	0.001525
374.03	0.001519
374.12	0.001511
374.19	0.001499
374.28	0.001496
374.35	0.001485
374.44	0.001471
374.51	0.001459
374.60	0.001454
374.67	0.001454
374.75	0.001450
374.83	0.001447
374.92	0.001440
375.00	0.001440
375.07	0.001442
375.21	0.001444
375.24	0.001444
375.32	0.001432
375.40	0.001439
375.48	0.001419
375.55	0.001420
375.64	0.001412
375.71	0.001406
375.80	0.001403
375.88	0.001396
375.96	0.001400
376.04	0.001391
376.12	0.001382
376.19	0.001375
376.28	0.001367
376.36	0.001358
376.44	0.001361
376.52	0.001354
376.60	0.001350
376.67	0.001342
376.76	0.001335
376.83	0.001342
376.92	0.001333
377.00	0.001328
377.07	0.001332
377.16	0.001329
377.23	0.001316
377.32	0.001308
377.40	0.001298
377.47	0.001306
377.56	0.001282
377.64	0.001301
377.71	0.001303
377.79	0.001290
377.88	0.001286
377.95	0.001281
378.03	0.001272
378.12	0.001266
378.19	0.001265
378.28	0.001249
378.36	0.001255
378.43	0.001265
378.51	0.001258
378.59	0.001250
378.68	0.001244
378.76	0.001240
378.83	0.001240
378.91	0.001234
379.00	0.001233
379.07	0.001224
379.16	0.001213
379.24	0.001207
379.31	0.001209
379.40	0.001203
379.48	0.001201
379.55	0.001187
379.63	0.001166
379.72	0.001167
379.79	0.001166
379.88	0.001163
379.95	0.001164
380.03	0.001158
380.12	0.001160
380.20	0.001159
380.27	0.001155
380.36	0.001146
380.44	0.001135
380.52	0.001133
380.60	0.001128
380.68	0.001107
380.76	0.001107
380.84	0.001107
380.92	0.001101
381.00	0.001086
381.08	0.001092
381.16	0.001091
381.24	0.001086
381.32	0.001085
381.40	0.001081
381.48	0.001063
381.56	0.001064
381.64	0.001071
381.72	0.001068
381.80	0.001057
381.88	0.001066
381.95	0.001056
382.04	0.001042
382.12	0.001046
382.19	0.001034
382.28	0.001024
382.35	0.001029
382.44	0.001022
382.52	0.001019
382.59	0.001005
382.68	0.001002
382.75	0.001002
382.84	0.001012
382.91	0.001001
382.99	0.000995
383.07	0.000988
