#format: kpower1
#filename: ctr2-4.txt
#date: 2010-05-14 11:33:49
#description: ctr 0,45 mg/ml
0.01	0.000016
0.09	0.000018
0.16	0.000022
0.24	0.000026
0.32	0.000033
0.40	0.000032
0.48	0.000036
0.56	0.000024
0.64	0.000029
0.72	0.000030
0.80	0.000020
0.88	0.000022
0.96	0.000017
1.04	0.000024
1.12	0.000011
1.20	0.000027
1.28	0.000045
1.36	0.000036
1.44	0.000032
1.51	0.000031
1.60	0.000033
1.67	0.000032
1.76	0.000025
1.83	0.000032
1.92	0.000038
1.99	0.000026
2.08	0.000023
2.15	0.000022
2.24	0.000028
2.31	0.000026
2.40	0.000034
2.47	0.000033
2.56	0.000032
2.63	0.000028
2.72	0.000027
2.79	0.000032
2.88	0.000034
2.95	0.000034
3.04	0.000028
3.11	0.000036
3.20	0.000027
3.27	0.000017
3.36	0.000028
3.44	0.000035
3.52	0.000031
3.60	0.000020
3.68	0.000024
3.76	0.000032
3.84	0.000032
3.92	0.000028
4.00	0.000033
4.08	0.000033
4.16	0.000031
4.24	0.000031
4.32	0.000029
4.40	0.000030
4.48	0.000028
4.56	0.000023
4.64	0.000031
4.72	0.000025
4.80	0.000022
4.88	0.000030
4.96	0.000035
5.04	0.000030
5.12	0.000030
5.20	0.000033
5.28	0.000023
5.36	0.000019
5.43	0.000022
5.52	0.000019
5.59	0.000015
5.68	0.000022
5.75	0.000023
5.84	0.000013
5.91	0.000010
6.00	0.000004
6.07	0.000009
6.16	0.000019
6.23	0.000012
6.32	0.000018
6.39	0.000022
6.48	0.000034
6.55	0.000023
6.64	0.000024
6.71	0.000024
6.80	0.000021
6.87	0.000030
6.96	0.000035
7.03	0.000031
7.12	0.000035
7.19	0.000040
7.27	0.000020
7.35	0.000023
7.43	0.000037
7.51	0.000038
7.59	0.000026
7.67	0.000025
7.75	0.000021
7.83	0.000015
7.92	0.000030
7.99	0.000024
8.08	0.000021
8.15	0.000021
8.23	0.000027
8.32	0.000038
8.39	0.000035
8.48	0.000037
8.55	0.000029
8.64	0.000027
8.71	0.000023
8.80	0.000018
8.87	0.000024
8.96	0.000026
9.03	0.000027
9.12	0.000026
9.19	0.000023
9.28	0.000024
9.36	0.000027
9.44	0.000032
9.52	0.000034
9.60	0.000046
9.68	0.000034
9.76	0.000023
9.83	0.000022
9.92	0.000024
9.99	0.000023
10.08	0.000021
10.15	0.000015
10.24	0.000019
10.31	0.000016
10.40	0.000015
10.47	0.000013
10.56	0.000017
10.63	0.000028
10.72	0.000024
10.79	0.000020
10.88	0.000019
10.95	0.000032
11.04	0.000036
11.11	0.000029
11.20	0.000026
11.27	0.000029
11.36	0.000036
11.43	0.000035
11.52	0.000029
11.59	0.000019
11.68	0.000018
11.75	0.000022
11.83	0.000030
11.91	0.000023
11.99	0.000026
12.07	0.000032
12.15	0.000028
12.23	0.000032
12.31	0.000032
12.39	0.000033
12.47	0.000032
12.55	0.000028
12.63	0.000036
12.71	0.000025
12.79	0.000028
12.87	0.000034
12.96	0.000031
13.03	0.000033
13.12	0.000033
13.19	0.000032
13.28	0.000028
13.35	0.000032
13.44	0.000036
13.51	0.000032
13.60	0.000038
13.67	0.000033
13.76	0.000026
13.83	0.000027
13.92	0.000033
13.99	0.000033
14.08	0.000034
14.15	0.000032
14.24	0.000021
14.31	0.000023
14.40	0.000020
14.47	0.000033
14.56	0.000033
14.63	0.000024
14.72	0.000021
14.79	0.000028
14.88	0.000029
14.95	0.000030
15.04	0.000022
15.11	0.000021
15.20	0.000028
15.27	0.000021
15.36	0.000018
15.43	0.000017
15.52	0.000017
15.59	0.000019
15.68	0.000022
15.75	0.000019
15.84	0.000023
15.91	0.000038
16.00	0.000035
16.07	0.000031
16.16	0.000026
16.23	0.000029
16.32	0.000030
16.40	0.000020
16.48	0.000016
16.55	0.000026
16.63	0.000029
16.71	0.000024
16.79	0.000037
16.88	0.000025
16.95	0.000021
17.04	0.000026
17.11	0.000025
17.20	0.000031
17.27	0.000028
17.36	0.000017
17.43	0.000022
17.51	0.000028
17.59	0.000033
17.68	0.000024
17.75	0.000030
17.84	0.000024
17.91	0.000029
17.99	0.000019
18.07	0.000026
18.16	0.000010
18.23	0.000018
18.32	0.000022
18.40	0.000024
18.48	0.000030
18.56	0.000024
18.64	0.000030
18.72	0.000035
18.80	0.000037
18.88	0.000052
18.96	0.000044
19.04	0.000042
19.12	0.000035
19.20	0.000038
19.28	0.000033
19.36	0.000025
19.44	0.000027
19.52	0.000034
19.60	0.000028
19.68	0.000030
19.76	0.000024
19.84	0.000026
20.14	0.000024
20.38	0.000035
20.74	0.000020
20.78	0.000029
20.86	0.000027
20.94	0.000021
21.02	0.000033
21.10	0.000029
21.18	0.000028
21.25	0.000021
21.34	0.000019
21.41	0.000020
21.50	0.000018
21.57	0.000020
21.66	0.000020
21.74	0.000018
21.82	0.000023
21.90	0.000032
21.98	0.000024
22.06	0.000024
22.14	0.000022
22.22	0.000020
22.30	0.000028
22.38	0.000026
22.46	0.000024
22.54	0.000010
22.62	0.000016
22.70	0.000020
22.78	0.000028
22.86	0.000036
22.94	0.000033
23.02	0.000020
23.10	0.000027
23.18	0.000028
23.26	0.000026
23.34	0.000038
23.42	0.000050
23.50	0.000032
23.58	0.000030
23.66	0.000025
23.74	0.000038
23.82	0.000032
23.90	0.000037
23.98	0.000026
24.06	0.000024
24.14	0.000034
24.22	0.000024
24.30	0.000020
24.38	0.000028
24.46	0.000040
24.54	0.000028
24.62	0.000029
24.70	0.000028
24.78	0.000030
24.86	0.000032
24.94	0.000026
25.02	0.000025
25.10	0.000024
25.17	0.000025
25.26	0.000021
25.33	0.000020
25.42	0.000024
25.49	0.000028
25.58	0.000022
25.66	0.000028
25.74	0.000024
25.82	0.000029
25.90	0.000026
25.98	0.000035
26.06	0.000020
26.14	0.000020
26.22	0.000034
26.30	0.000040
26.38	0.000036
26.46	0.000033
26.54	0.000035
26.62	0.000030
26.70	0.000029
26.78	0.000035
26.86	0.000034
26.94	0.000031
27.02	0.000032
27.11	0.000023
27.18	0.000027
27.27	0.000033
27.34	0.000025
27.43	0.000022
27.50	0.000023
27.59	0.000024
27.66	0.000030
27.75	0.000026
27.82	0.000023
27.91	0.000020
27.98	0.000019
28.07	0.000019
28.14	0.000018
28.23	0.000015
28.30	0.000020
28.39	0.000013
28.46	0.000006
28.55	0.000010
28.62	0.000020
28.70	0.000025
28.78	0.000029
28.86	0.000028
28.94	0.000023
29.02	0.000018
29.10	0.000013
29.18	0.000020
29.26	0.000013
29.34	0.000007
29.42	0.000013
29.50	0.000024
29.58	0.000025
29.66	0.000016
29.74	0.000018
29.82	0.000019
29.90	0.000039
29.98	0.000019
30.06	0.000030
30.14	0.000013
30.22	0.000018
30.30	0.000023
30.38	0.000015
30.46	0.000023
30.54	0.000027
30.62	0.000035
30.70	0.000037
30.78	0.000033
30.86	0.000028
30.94	0.000025
31.02	0.000020
31.10	0.000026
31.18	0.000034
31.26	0.000020
31.34	0.000034
31.42	0.000023
31.50	0.000030
31.58	0.000026
31.66	0.000033
31.74	0.000030
31.82	0.000029
31.90	0.000023
31.99	0.000029
32.06	0.000023
32.15	0.000022
32.22	0.000026
32.31	0.000019
32.38	0.000031
32.47	0.000029
32.54	0.000033
32.63	0.000027
32.70	0.000025
32.78	0.000020
32.86	0.000027
32.95	0.000032
33.02	0.000025
33.10	0.000027
33.18	0.000022
33.26	0.000026
33.34	0.000036
33.42	0.000036
33.50	0.000030
33.58	0.000024
33.66	0.000029
33.74	0.000034
33.82	0.000042
33.90	0.000034
33.98	0.000024
34.06	0.000018
34.14	0.000026
34.22	0.000023
34.30	0.000022
34.38	0.000022
34.46	0.000028
34.53	0.000031
34.62	0.000032
34.69	0.000025
34.78	0.000037
34.85	0.000027
34.94	0.000028
35.01	0.000020
35.10	0.000018
35.17	0.000022
35.26	0.000025
35.33	0.000023
35.42	0.000020
35.49	0.000014
35.58	0.000017
35.65	0.000016
35.74	0.000024
35.81	0.000029
35.90	0.000025
35.97	0.000024
36.06	0.000022
36.13	0.000021
36.22	0.000019
36.30	0.000025
36.38	0.000023
36.45	0.000018
36.54	0.000017
36.62	0.000021
36.70	0.000013
36.78	0.000014
36.86	0.000021
36.94	0.000023
37.02	0.000027
37.10	0.000024
37.18	0.000013
37.26	0.000020
37.34	0.000019
37.42	0.000026
37.50	0.000020
37.58	0.000018
37.66	0.000025
37.74	0.000021
37.82	0.000022
37.90	0.000032
37.98	0.000030
38.06	0.000024
38.14	0.000021
38.22	0.000025
38.30	0.000024
38.38	0.000035
38.46	0.000038
38.53	0.000027
38.62	0.000031
38.69	0.000016
38.78	0.000027
38.85	0.000027
38.94	0.000027
39.01	0.000034
39.10	0.000032
39.17	0.000023
39.26	0.000023
39.33	0.000024
39.42	0.000023
39.49	0.000027
39.58	0.000019
39.65	0.000017
39.73	0.000018
39.81	0.000016
39.90	0.000017
39.97	0.000017
40.05	0.000027
40.13	0.000031
40.21	0.000025
40.29	0.000031
40.37	0.000023
40.45	0.000038
40.53	0.000038
40.61	0.000034
40.70	0.000034
40.77	0.000032
40.85	0.000032
40.93	0.000029
41.02	0.000027
41.09	0.000035
41.18	0.000025
41.25	0.000030
41.34	0.000037
41.41	0.000023
41.50	0.000020
41.57	0.000029
41.66	0.000014
41.73	0.000013
41.82	0.000021
41.89	0.000017
41.98	0.000018
42.05	0.000026
42.14	0.000031
42.21	0.000025
42.30	0.000025
42.37	0.000024
42.46	0.000011
42.53	0.000022
42.62	0.000019
42.69	0.000028
42.78	0.000027
42.85	0.000017
42.94	0.000018
43.01	0.000032
43.10	0.000036
43.17	0.000027
43.26	0.000027
43.33	0.000023
43.42	0.000030
43.49	0.000022
43.58	0.000020
43.65	0.000031
43.74	0.000024
43.81	0.000031
43.90	0.000023
43.97	0.000020
44.06	0.000008
44.13	0.000013
44.22	0.000032
44.29	0.000031
44.38	0.000029
44.45	0.000024
44.53	0.000020
44.61	0.000013
44.69	0.000015
44.77	0.000022
44.85	0.000021
44.93	0.000024
45.01	0.000028
45.09	0.000022
45.17	0.000015
45.25	0.000014
45.33	0.000017
45.41	0.000029
45.49	0.000020
45.57	0.000026
45.65	0.000017
45.73	0.000019
45.81	0.000026
45.89	0.000015
45.97	0.000019
46.05	0.000023
46.13	0.000013
46.21	0.000019
46.30	0.000022
46.37	0.000015
46.46	0.000018
46.53	0.000013
46.62	0.000015
46.69	0.000021
46.78	0.000016
46.85	0.000028
46.94	0.000022
47.01	0.000029
47.10	0.000021
47.17	0.000030
47.26	0.000033
47.33	0.000037
47.42	0.000032
47.49	0.000028
47.58	0.000028
47.65	0.000032
47.74	0.000028
47.81	0.000020
47.90	0.000021
47.97	0.000027
48.06	0.000021
48.13	0.000029
48.22	0.000024
48.29	0.000021
48.38	0.000020
48.45	0.000029
48.54	0.000039
48.61	0.000039
48.70	0.000035
48.77	0.000027
48.86	0.000027
48.93	0.000030
49.02	0.000022
49.09	0.000022
49.17	0.000029
49.25	0.000019
49.33	0.000014
49.41	0.000012
49.49	0.000015
49.57	0.000011
49.65	0.000022
49.73	0.000019
49.81	0.000020
49.89	0.000025
49.97	0.000025
50.05	0.000020
50.13	0.000029
50.21	0.000030
50.29	0.000034
50.37	0.000027
50.45	0.000032
50.53	0.000027
50.61	0.000024
50.69	0.000017
50.77	0.000016
50.85	0.000012
50.93	0.000017
51.01	0.000019
51.09	0.000027
51.17	0.000032
51.25	0.000025
51.33	0.000016
51.41	0.000031
51.49	0.000026
51.58	0.000035
51.65	0.000022
51.73	0.000020
51.81	0.000028
51.90	0.000023
51.97	0.000032
52.06	0.000020
52.13	0.000023
52.22	0.000024
52.29	0.000019
52.38	0.000029
52.45	0.000026
52.54	0.000022
52.61	0.000029
52.70	0.000027
52.77	0.000018
52.86	0.000026
52.93	0.000022
53.02	0.000023
53.09	0.000016
53.18	0.000016
53.25	0.000032
53.34	0.000035
53.42	0.000022
53.50	0.000021
53.57	0.000017
53.66	0.000027
53.74	0.000023
53.82	0.000020
53.90	0.000027
53.98	0.000029
54.06	0.000026
54.13	0.000023
54.22	0.000026
54.29	0.000031
54.38	0.000026
54.45	0.000029
54.54	0.000029
54.61	0.000015
54.69	0.000015
54.78	0.000020
54.85	0.000030
54.94	0.000019
55.01	0.000029
55.10	0.000026
55.17	0.000023
55.26	0.000021
55.33	0.000024
55.42	0.000020
55.49	0.000016
55.58	0.000023
55.65	0.000025
55.74	0.000026
55.81	0.000022
55.90	0.000028
55.97	0.000034
56.06	0.000030
56.13	0.000038
56.22	0.000036
56.29	0.000038
56.38	0.000042
56.45	0.000024
56.54	0.000023
56.62	0.000015
56.70	0.000021
56.77	0.000011
56.86	0.000022
56.94	0.000016
57.02	0.000015
57.10	0.000017
57.18	0.000022
57.26	0.000018
57.34	0.000015
57.42	0.000015
57.50	0.000023
57.58	0.000025
57.66	0.000026
57.74	0.000032
57.82	0.000028
57.90	0.000020
57.98	0.000020
58.06	0.000030
58.14	0.000036
58.22	0.000037
58.30	0.000030
58.38	0.000031
58.46	0.000030
58.54	0.000022
58.62	0.000018
58.70	0.000017
58.78	0.000029
58.85	0.000022
58.94	0.000023
59.02	0.000021
59.10	0.000019
59.17	0.000022
59.26	0.000024
59.33	0.000031
59.42	0.000037
59.49	0.000035
59.58	0.000029
59.66	0.000032
59.74	0.000018
59.81	0.000031
59.90	0.000018
59.98	0.000026
60.06	0.000026
60.14	0.000020
60.22	0.000025
60.30	0.000022
60.38	0.000020
60.46	0.000022
60.54	0.000025
60.62	0.000025
60.70	0.000032
60.78	0.000029
60.86	0.000023
60.94	0.000020
61.02	0.000019
61.10	0.000022
61.19	0.000026
61.26	0.000022
61.35	0.000030
61.42	0.000031
61.51	0.000030
61.58	0.000028
61.67	0.000029
61.74	0.000034
61.83	0.000036
61.90	0.000035
61.99	0.000024
62.06	0.000024
62.15	0.000026
62.22	0.000026
62.31	0.000039
62.38	0.000032
62.47	0.000030
62.54	0.000032
62.63	0.000029
62.70	0.000034
62.79	0.000020
62.86	0.000024
62.95	0.000024
63.02	0.000017
63.11	0.000026
63.18	0.000033
63.27	0.000022
63.34	0.000025
63.42	0.000023
63.50	0.000034
63.58	0.000026
63.66	0.000023
63.74	0.000022
63.82	0.000022
63.90	0.000024
63.98	0.000022
64.06	0.000025
64.14	0.000017
64.22	0.000026
64.30	0.000023
64.38	0.000015
64.46	0.000019
64.54	0.000018
64.62	0.000017
64.70	0.000024
64.78	0.000021
64.86	0.000024
64.94	0.000028
65.02	0.000023
65.10	0.000025
65.18	0.000021
65.27	0.000018
65.34	0.000013
65.42	0.000018
65.50	0.000015
65.59	0.000021
65.66	0.000030
65.75	0.000018
65.82	0.000022
65.91	0.000022
65.98	0.000022
66.07	0.000020
66.14	0.000018
66.23	0.000019
66.30	0.000028
66.39	0.000031
66.46	0.000028
66.55	0.000022
66.62	0.000032
66.71	0.000025
66.78	0.000018
66.87	0.000019
66.94	0.000025
67.03	0.000029
67.10	0.000028
67.19	0.000023
67.26	0.000025
67.35	0.000026
67.42	0.000019
67.50	0.000021
67.58	0.000019
67.66	0.000025
67.74	0.000028
67.82	0.000026
67.90	0.000026
67.98	0.000020
68.06	0.000035
68.14	0.000028
68.22	0.000027
68.30	0.000028
68.38	0.000037
68.46	0.000030
68.54	0.000026
68.62	0.000030
68.70	0.000024
68.78	0.000026
68.86	0.000031
68.94	0.000032
69.02	0.000015
69.10	0.000022
69.17	0.000024
69.26	0.000024
69.33	0.000023
69.42	0.000015
69.49	0.000016
69.58	0.000022
69.66	0.000024
69.74	0.000028
69.81	0.000023
69.90	0.000016
69.98	0.000018
70.06	0.000031
70.14	0.000031
70.22	0.000030
70.30	0.000028
70.38	0.000029
70.46	0.000021
70.54	0.000028
70.62	0.000029
70.70	0.000030
70.78	0.000034
70.86	0.000019
70.94	0.000015
71.02	0.000015
71.11	0.000020
71.18	0.000020
71.27	0.000030
71.34	0.000029
71.42	0.000019
71.50	0.000013
71.58	0.000013
71.66	0.000019
71.75	0.000025
71.82	0.000019
71.91	0.000023
71.98	0.000019
72.06	0.000023
72.14	0.000022
72.22	0.000022
72.30	0.000022
72.38	0.000020
72.46	0.000014
72.54	0.000017
72.62	0.000030
72.70	0.000028
72.78	0.000029
72.86	0.000022
72.94	0.000023
73.02	0.000026
73.10	0.000026
73.18	0.000028
73.26	0.000024
73.34	0.000015
73.42	0.000026
73.50	0.000023
73.58	0.000018
73.66	0.000035
73.73	0.000041
73.82	0.000031
73.89	0.000034
73.98	0.000032
74.05	0.000027
74.14	0.000038
74.21	0.000021
74.30	0.000016
74.37	0.000023
74.46	0.000024
74.53	0.000023
74.62	0.000025
74.69	0.000019
74.78	0.000025
74.85	0.000025
74.94	0.000022
75.02	0.000034
75.10	0.000031
75.17	0.000023
75.26	0.000019
75.34	0.000030
75.42	0.000026
75.50	0.000025
75.58	0.000014
75.66	0.000015
75.74	0.000026
75.82	0.000027
75.90	0.000028
75.98	0.000026
76.06	0.000010
76.14	0.000021
76.22	0.000026
76.30	0.000023
76.38	0.000020
76.46	0.000029
76.54	0.000018
76.62	0.000024
76.70	0.000018
76.78	0.000020
76.86	0.000022
76.94	0.000031
77.02	0.000025
77.10	0.000028
77.18	0.000026
77.26	0.000025
77.34	0.000028
77.42	0.000012
77.50	0.000017
77.58	0.000024
77.66	0.000024
77.74	0.000017
77.82	0.000014
77.90	0.000014
77.98	0.000014
78.06	0.000021
78.14	0.000018
78.22	0.000018
78.30	0.000013
78.38	0.000018
78.45	0.000021
78.54	0.000024
78.61	0.000023
78.70	0.000026
78.77	0.000019
78.86	0.000022
78.93	0.000028
79.02	0.000023
79.09	0.000020
79.18	0.000018
79.25	0.000026
79.34	0.000026
79.41	0.000013
79.50	0.000014
79.57	0.000021
79.66	0.000026
79.73	0.000021
79.82	0.000027
79.89	0.000018
79.98	0.000036
80.05	0.000023
80.14	0.000018
80.22	0.000018
80.30	0.000022
80.38	0.000026
80.46	0.000035
80.54	0.000019
80.62	0.000014
80.70	0.000021
80.78	0.000019
80.86	0.000026
80.94	0.000029
81.02	0.000021
81.10	0.000021
81.18	0.000020
81.26	0.000029
81.34	0.000026
81.42	0.000021
81.50	0.000024
81.58	0.000023
81.66	0.000015
81.74	0.000018
81.82	0.000012
81.90	0.000016
81.98	0.000011
82.06	0.000027
82.14	0.000026
82.22	0.000026
82.30	0.000032
82.38	0.000028
82.46	0.000033
82.54	0.000030
82.62	0.000029
82.70	0.000026
82.78	0.000023
82.86	0.000029
82.94	0.000037
83.02	0.000035
83.10	0.000030
83.18	0.000035
83.25	0.000030
83.34	0.000018
83.42	0.000028
83.50	0.000012
83.57	0.000014
83.66	0.000007
83.74	0.000009
83.82	0.000016
83.90	0.000021
83.97	0.000017
84.06	0.000030
84.13	0.000024
84.22	0.000019
84.29	0.000012
85.73	0.000022
85.81	0.000018
85.90	0.000015
85.98	0.000012
86.05	0.000013
86.13	0.000015
86.21	0.000014
86.29	0.000017
86.37	0.000019
86.45	0.000015
86.53	0.000010
86.60	0.000020
86.69	0.000019
86.77	0.000018
86.85	0.000026
86.93	0.000023
87.01	0.000011
87.09	0.000015
87.17	0.000022
87.25	0.000025
87.33	0.000018
87.40	0.000023
87.50	0.000015
87.56	0.000025
87.64	0.000017
87.73	0.000017
87.81	0.000024
87.87	0.000021
87.96	0.000025
88.03	0.000023
88.11	0.000019
88.19	0.000019
88.27	0.000014
88.35	0.000025
88.44	0.000021
88.52	0.000014
88.59	0.000016
88.67	0.000012
88.75	0.000012
88.82	0.000018
88.90	0.000015
89.01	0.000015
89.26	0.000014
89.30	0.000029
89.39	0.000026
89.47	0.000029
89.56	0.000030
89.63	0.000023
89.70	0.000026
89.79	0.000027
89.86	0.000019
94.88	0.000020
94.97	0.000034
95.05	0.000026
95.11	0.000018
95.21	0.000030
95.28	0.000032
95.36	0.000034
95.45	0.000028
95.52	0.000026
95.60	0.000032
95.69	0.000017
95.78	0.000029
95.84	0.000021
95.93	0.000016
96.00	0.000019
96.09	0.000018
96.16	0.000024
96.25	0.000019
96.31	0.000026
96.40	0.000019
96.50	0.000034
96.56	0.000026
96.64	0.000025
96.72	0.000009
96.80	0.000018
96.88	0.000027
96.96	0.000024
97.03	0.000029
97.12	0.000011
97.20	0.000013
97.28	0.000015
97.36	0.000022
97.44	0.000020
97.52	0.000019
97.60	0.000022
97.68	0.000021
97.76	0.000017
97.84	0.000019
97.92	0.000019
98.00	0.000027
98.08	0.000024
98.16	0.000020
98.24	0.000015
98.32	0.000017
98.41	0.000019
98.48	0.000016
98.56	0.000011
98.65	0.000013
98.73	0.000019
98.80	0.000007
98.89	0.000003
98.96	0.000019
99.05	0.000024
99.12	0.000018
99.20	0.000010
99.28	0.000013
99.36	0.000019
99.44	0.000024
99.52	0.000020
99.60	0.000016
99.68	0.000013
99.77	0.000013
99.84	0.000024
99.92	0.000026
100.00	0.000019
100.08	0.000021
100.16	0.000016
100.24	0.000014
100.32	0.000006
100.40	0.000006
100.48	0.000006
100.56	0.000008
100.64	0.000010
100.72	0.000004
100.80	0.000011
100.87	0.000010
100.96	0.000018
101.03	0.000018
101.12	0.000013
101.19	0.000007
101.28	0.000010
101.35	0.000007
101.43	0.000015
101.52	0.000006
101.59	0.000010
101.68	0.000019
101.75	0.000030
101.84	0.000023
101.91	0.000019
102.00	0.000020
102.08	0.000017
102.15	0.000023
102.23	0.000017
102.32	0.000013
102.40	0.000017
102.47	0.000012
102.56	0.000018
102.63	0.000024
102.72	0.000012
102.79	0.000017
102.88	0.000026
102.95	0.000020
103.04	0.000020
103.11	0.000022
103.20	0.000022
103.28	0.000028
103.36	0.000023
103.44	0.000017
103.52	0.000021
103.60	0.000028
103.68	0.000023
103.76	0.000022
103.84	0.000021
103.92	0.000023
104.00	0.000022
104.08	0.000016
104.16	0.000017
104.24	0.000019
104.32	0.000010
104.40	0.000008
104.48	0.000010
104.56	0.000007
104.64	0.000020
104.72	0.000016
104.80	0.000010
104.88	0.000011
104.95	0.000017
105.04	0.000015
105.11	0.000003
105.20	-0.000000
105.27	-0.000004
105.36	-0.000000
105.43	0.000003
105.52	-0.000007
105.60	-0.000006
105.67	-0.000005
105.76	-0.000016
105.84	-0.000012
105.91	-0.000022
106.00	-0.000013
106.07	-0.000017
106.16	-0.000017
106.23	-0.000018
106.32	-0.000019
106.39	-0.000022
106.47	-0.000018
106.55	-0.000024
106.63	-0.000031
106.71	-0.000036
106.79	-0.000040
106.87	-0.000050
106.95	-0.000049
107.03	-0.000046
107.11	-0.000048
107.19	-0.000046
107.27	-0.000049
107.36	-0.000049
107.43	-0.000044
107.52	-0.000050
107.59	-0.000062
107.67	-0.000067
107.76	-0.000078
107.84	-0.000079
107.91	-0.000074
108.00	-0.000083
108.07	-0.000091
108.16	-0.000101
108.23	-0.000098
108.32	-0.000101
108.39	-0.000100
108.48	-0.000109
108.55	-0.000115
108.64	-0.000110
108.71	-0.000122
108.80	-0.000132
108.88	-0.000122
108.95	-0.000122
109.04	-0.000124
109.11	-0.000129
109.20	-0.000134
109.27	-0.000141
109.36	-0.000144
109.43	-0.000151
109.52	-0.000146
109.59	-0.000145
109.68	-0.000159
109.75	-0.000163
109.84	-0.000158
109.91	-0.000164
110.00	-0.000162
110.07	-0.000172
110.16	-0.000163
110.23	-0.000175
110.32	-0.000175
110.39	-0.000172
110.48	-0.000173
110.55	-0.000171
110.64	-0.000171
110.71	-0.000169
110.80	-0.000176
110.88	-0.000170
110.95	-0.000185
111.03	-0.000179
111.11	-0.000186
111.19	-0.000193
111.27	-0.000188
111.35	-0.000186
111.43	-0.000188
111.51	-0.000183
111.59	-0.000181
111.67	-0.000181
111.75	-0.000187
111.83	-0.000194
111.91	-0.000193
111.99	-0.000187
112.07	-0.000191
112.15	-0.000185
112.23	-0.000186
112.31	-0.000185
112.39	-0.000185
112.47	-0.000171
112.55	-0.000172
112.63	-0.000181
112.72	-0.000183
112.79	-0.000176
112.88	-0.000174
112.95	-0.000177
113.03	-0.000180
113.12	-0.000188
113.19	-0.000186
113.28	-0.000195
113.35	-0.000190
113.44	-0.000189
113.51	-0.000190
113.60	-0.000190
113.67	-0.000195
113.76	-0.000197
113.83	-0.000206
113.92	-0.000198
113.99	-0.000194
114.08	-0.000198
114.15	-0.000197
114.24	-0.000201
114.31	-0.000207
114.40	-0.000206
114.47	-0.000207
114.56	-0.000193
114.63	-0.000208
114.72	-0.000208
114.79	-0.000224
114.88	-0.000233
114.95	-0.000237
115.04	-0.000237
115.11	-0.000232
115.20	-0.000239
115.27	-0.000244
115.36	-0.000243
115.43	-0.000244
115.52	-0.000246
115.59	-0.000248
115.68	-0.000251
115.75	-0.000263
115.83	-0.000256
115.91	-0.000261
115.99	-0.000259
116.07	-0.000267
116.15	-0.000268
116.23	-0.000272
116.31	-0.000277
116.39	-0.000273
116.47	-0.000278
116.55	-0.000276
116.63	-0.000282
116.71	-0.000278
116.79	-0.000281
116.87	-0.000296
116.95	-0.000291
117.03	-0.000297
117.11	-0.000290
117.19	-0.000285
117.27	-0.000302
117.35	-0.000306
117.43	-0.000304
117.51	-0.000298
117.59	-0.000295
117.67	-0.000292
117.75	-0.000296
117.83	-0.000300
117.92	-0.000289
117.99	-0.000292
118.08	-0.000288
118.16	-0.000300
118.23	-0.000289
118.32	-0.000289
118.40	-0.000285
118.47	-0.000289
118.56	-0.000284
118.64	-0.000279
118.71	-0.000284
118.80	-0.000273
118.88	-0.000271
118.95	-0.000273
119.04	-0.000262
119.12	-0.000263
119.19	-0.000269
119.28	-0.000276
119.36	-0.000258
119.44	-0.000252
119.51	-0.000247
119.60	-0.000249
119.67	-0.000242
119.76	-0.000248
119.84	-0.000249
119.91	-0.000239
120.00	-0.000232
120.08	-0.000224
120.15	-0.000226
120.24	-0.000223
120.32	-0.000223
120.40	-0.000210
120.47	-0.000216
120.56	-0.000220
120.64	-0.000209
120.71	-0.000198
120.79	-0.000190
120.88	-0.000199
120.95	-0.000188
121.04	-0.000187
121.11	-0.000180
121.19	-0.000177
121.28	-0.000172
121.35	-0.000171
121.43	-0.000172
121.52	-0.000166
121.59	-0.000159
121.68	-0.000158
121.75	-0.000152
121.84	-0.000147
121.91	-0.000147
122.00	-0.000148
122.07	-0.000146
122.16	-0.000142
122.24	-0.000133
122.31	-0.000130
122.40	-0.000122
122.47	-0.000109
122.56	-0.000110
122.64	-0.000115
122.71	-0.000106
122.80	-0.000104
122.88	-0.000087
122.95	-0.000089
123.04	-0.000092
123.11	-0.000093
123.20	-0.000095
123.28	-0.000077
123.36	-0.000080
123.44	-0.000083
123.52	-0.000073
123.60	-0.000075
123.68	-0.000069
123.76	-0.000060
123.84	-0.000057
123.92	-0.000050
124.00	-0.000042
124.08	-0.000048
124.16	-0.000042
124.24	-0.000040
124.32	-0.000045
124.40	-0.000042
124.48	-0.000036
124.56	-0.000032
124.64	-0.000027
124.72	-0.000033
124.80	-0.000034
124.89	-0.000023
124.96	-0.000014
125.04	-0.000017
125.12	-0.000008
125.20	-0.000015
125.28	-0.000009
125.36	-0.000013
125.44	-0.000018
125.52	-0.000011
125.60	-0.000004
125.68	-0.000004
125.75	-0.000004
125.84	-0.000012
125.92	0.000003
125.99	0.000011
126.08	0.000002
126.15	0.000004
126.24	0.000004
126.31	0.000010
126.39	0.000012
126.48	0.000015
126.55	0.000010
126.63	0.000015
126.72	0.000024
126.79	0.000019
126.88	0.000009
126.96	0.000015
127.03	0.000020
127.12	0.000029
127.20	0.000029
127.27	0.000026
127.36	0.000016
127.44	0.000022
127.51	0.000033
127.60	0.000040
127.68	0.000024
127.75	0.000026
127.84	0.000027
127.92	0.000029
127.99	0.000037
128.08	0.000027
128.16	0.000035
128.24	0.000039
128.32	0.000042
128.40	0.000039
128.47	0.000039
128.56	0.000051
128.64	0.000044
128.72	0.000042
128.80	0.000039
128.88	0.000043
128.96	0.000047
129.04	0.000044
129.12	0.000042
129.19	0.000050
129.28	0.000057
129.36	0.000053
129.43	0.000046
129.52	0.000052
129.59	0.000058
129.68	0.000056
129.75	0.000053
129.84	0.000051
129.92	0.000041
129.99	0.000045
130.08	0.000050
130.16	0.000058
130.24	0.000060
130.31	0.000055
130.40	0.000055
130.48	0.000050
130.55	0.000047
130.63	0.000060
130.72	0.000054
130.79	0.000059
130.87	0.000057
130.95	0.000058
131.03	0.000053
131.11	0.000059
131.19	0.000059
131.27	0.000053
131.35	0.000055
131.43	0.000054
131.51	0.000059
131.59	0.000054
131.67	0.000057
131.75	0.000065
131.83	0.000075
131.91	0.000069
131.99	0.000064
132.07	0.000068
132.15	0.000071
132.23	0.000064
132.31	0.000066
132.39	0.000070
132.47	0.000068
132.55	0.000059
132.63	0.000066
132.71	0.000083
132.79	0.000069
132.87	0.000072
132.95	0.000080
133.03	0.000078
133.11	0.000082
133.19	0.000082
133.27	0.000078
133.35	0.000072
133.43	0.000072
133.52	0.000078
133.59	0.000086
133.67	0.000069
133.76	0.000076
133.83	0.000072
133.91	0.000076
134.00	0.000079
134.07	0.000082
134.16	0.000078
134.24	0.000073
134.32	0.000074
134.39	0.000073
134.47	0.000067
134.55	0.000067
134.63	0.000070
134.71	0.000075
134.79	0.000072
134.87	0.000072
134.95	0.000078
135.03	0.000077
135.11	0.000078
135.19	0.000076
135.27	0.000074
135.35	0.000070
135.43	0.000074
135.51	0.000086
135.59	0.000078
135.67	0.000086
135.75	0.000086
135.83	0.000081
135.91	0.000084
135.99	0.000077
136.07	0.000087
136.15	0.000082
136.23	0.000087
136.30	0.000081
136.39	0.000070
136.47	0.000074
136.54	0.000074
136.63	0.000072
136.70	0.000079
136.79	0.000083
136.86	0.000081
136.94	0.000082
137.03	0.000090
137.10	0.000087
137.18	0.000076
137.27	0.000079
137.34	0.000076
137.43	0.000081
137.51	0.000083
137.59	0.000079
137.66	0.000092
137.75	0.000088
137.83	0.000074
137.91	0.000088
137.99	0.000083
138.07	0.000090
138.15	0.000079
138.23	0.000081
138.31	0.000077
138.39	0.000079
138.47	0.000077
138.55	0.000075
138.63	0.000089
138.71	0.000090
138.79	0.000077
138.87	0.000084
138.95	0.000078
139.03	0.000079
139.11	0.000075
139.19	0.000074
139.27	0.000090
139.35	0.000083
139.43	0.000078
139.51	0.000081
139.59	0.000087
139.67	0.000086
139.75	0.000090
139.83	0.000086
139.91	0.000083
139.99	0.000079
140.07	0.000086
140.14	0.000080
140.22	0.000080
140.30	0.000092
140.38	0.000087
140.46	0.000087
140.54	0.000084
140.62	0.000077
140.69	0.000081
140.78	0.000091
140.85	0.000093
140.94	0.000084
141.02	0.000095
141.09	0.000089
141.18	0.000084
141.25	0.000081
141.34	0.000087
141.42	0.000083
141.49	0.000089
141.58	0.000087
141.65	0.000087
141.74	0.000077
141.81	0.000084
141.90	0.000088
141.98	0.000086
142.05	0.000086
142.14	0.000092
142.22	0.000094
142.29	0.000086
142.38	0.000087
142.45	0.000077
142.54	0.000090
142.61	0.000087
142.70	0.000088
142.77	0.000086
142.86	0.000100
142.93	0.000105
143.01	0.000099
143.10	0.000101
143.18	0.000105
143.26	0.000101
143.34	0.000081
143.42	0.000073
143.50	0.000084
143.58	0.000093
143.66	0.000098
143.74	0.000102
143.82	0.000097
143.90	0.000096
143.98	0.000097
144.06	0.000082
144.14	0.000081
144.22	0.000086
144.30	0.000102
144.38	0.000101
144.46	0.000095
144.54	0.000096
144.62	0.000088
144.70	0.000096
144.78	0.000093
144.86	0.000098
144.94	0.000092
145.02	0.000088
145.10	0.000090
145.18	0.000093
145.26	0.000091
145.34	0.000095
145.41	0.000101
145.50	0.000095
145.58	0.000099
145.65	0.000091
145.74	0.000096
145.82	0.000097
145.89	0.000098
145.98	0.000099
146.06	0.000098
146.14	0.000097
146.22	0.000093
146.30	0.000090
146.38	0.000103
146.46	0.000087
146.54	0.000099
146.62	0.000106
146.70	0.000109
146.78	0.000107
146.86	0.000097
146.94	0.000088
147.02	0.000099
147.10	0.000090
147.18	0.000102
147.26	0.000103
147.34	0.000096
147.42	0.000098
147.50	0.000096
147.58	0.000092
147.66	0.000101
147.74	0.000114
147.82	0.000107
147.90	0.000100
147.98	0.000106
148.07	0.000096
148.14	0.000093
148.22	0.000100
148.31	0.000102
148.38	0.000101
148.47	0.000112
148.54	0.000117
148.63	0.000115
148.70	0.000103
148.78	0.000102
148.87	0.000110
148.94	0.000114
149.03	0.000104
149.10	0.000096
149.19	0.000106
149.27	0.000106
149.34	0.000098
149.43	0.000106
149.50	0.000107
149.59	0.000119
149.66	0.000110
149.74	0.000115
149.82	0.000117
149.90	0.000117
149.98	0.000116
150.07	0.000113
150.14	0.000109
150.22	0.000107
150.30	0.000106
150.38	0.000106
150.46	0.000103
150.54	0.000108
150.62	0.000113
150.70	0.000100
150.78	0.000097
150.86	0.000102
150.94	0.000105
151.02	0.000099
151.10	0.000104
151.18	0.000108
151.26	0.000118
151.34	0.000104
151.42	0.000116
151.50	0.000107
151.58	0.000104
151.66	0.000105
151.74	0.000105
151.82	0.000111
151.91	0.000103
151.98	0.000096
152.06	0.000104
152.15	0.000111
152.22	0.000084
152.30	0.000101
152.39	0.000108
152.47	0.000107
152.54	0.000113
152.63	0.000114
152.70	0.000108
152.79	0.000109
152.86	0.000120
152.95	0.000108
153.02	0.000101
153.11	0.000107
153.18	0.000105
153.26	0.000101
153.35	0.000112
153.43	0.000109
153.51	0.000112
153.59	0.000112
153.66	0.000113
153.75	0.000111
153.83	0.000103
153.91	0.000107
153.99	0.000109
154.07	0.000112
154.15	0.000111
154.23	0.000106
154.30	0.000102
154.39	0.000109
154.46	0.000106
154.54	0.000101
154.63	0.000099
154.70	0.000107
154.78	0.000110
154.87	0.000100
154.94	0.000101
155.03	0.000108
155.10	0.000113
155.19	0.000106
155.27	0.000109
155.34	0.000112
155.43	0.000111
155.50	0.000106
155.58	0.000107
155.66	0.000106
155.74	0.000108
155.82	0.000113
155.90	0.000104
155.98	0.000109
156.06	0.000109
156.15	0.000105
156.22	0.000111
156.31	0.000106
156.38	0.000105
156.47	0.000116
156.54	0.000116
156.63	0.000120
156.70	0.000111
156.78	0.000108
156.87	0.000112
156.94	0.000124
157.02	0.000115
157.11	0.000118
157.18	0.000115
157.27	0.000109
157.35	0.000110
157.43	0.000114
157.50	0.000108
157.59	0.000099
157.67	0.000105
157.76	0.000111
157.84	0.000109
157.91	0.000113
157.99	0.000111
158.07	0.000110
158.15	0.000115
158.23	0.000113
158.31	0.000118
158.39	0.000122
158.47	0.000114
158.55	0.000128
158.63	0.000125
158.71	0.000124
158.79	0.000124
158.87	0.000115
158.95	0.000116
159.03	0.000118
159.11	0.000111
159.19	0.000115
159.26	0.000111
159.35	0.000110
159.43	0.000113
159.50	0.000120
159.58	0.000122
159.67	0.000126
159.74	0.000122
159.82	0.000116
159.91	0.000111
159.98	0.000117
160.07	0.000113
160.14	0.000113
160.23	0.000109
160.30	0.000110
160.39	0.000116
160.46	0.000118
160.54	0.000111
160.63	0.000119
160.70	0.000121
160.78	0.000112
160.87	0.000120
160.94	0.000110
161.03	0.000109
161.11	0.000114
161.18	0.000109
161.26	0.000110
161.34	0.000102
161.43	0.000114
161.50	0.000101
161.58	0.000113
161.67	0.000115
161.74	0.000109
161.82	0.000106
161.91	0.000100
161.98	0.000108
162.06	0.000103
162.15	0.000108
162.22	0.000113
162.30	0.000118
162.38	0.000123
162.47	0.000118
162.54	0.000118
162.63	0.000105
162.71	0.000114
162.79	0.000111
162.87	0.000103
162.95	0.000106
163.03	0.000122
163.11	0.000121
163.19	0.000120
163.27	0.000110
163.35	0.000115
163.43	0.000115
163.51	0.000121
163.59	0.000115
163.67	0.000117
163.75	0.000125
163.82	0.000119
163.91	0.000118
163.98	0.000123
164.06	0.000112
164.15	0.000112
164.22	0.000102
164.31	0.000109
164.38	0.000108
164.47	0.000112
164.54	0.000119
164.63	0.000114
164.70	0.000106
164.79	0.000109
164.87	0.000116
164.94	0.000115
165.03	0.000117
165.10	0.000115
165.19	0.000117
165.26	0.000116
165.34	0.000122
165.42	0.000115
165.50	0.000105
165.58	0.000117
165.66	0.000120
165.74	0.000120
165.82	0.000127
165.90	0.000128
165.98	0.000119
166.06	0.000114
166.14	0.000117
166.22	0.000120
166.30	0.000119
166.38	0.000114
166.47	0.000116
166.54	0.000112
166.63	0.000118
166.70	0.000120
166.78	0.000107
166.87	0.000116
166.94	0.000119
167.03	0.000115
167.11	0.000108
167.18	0.000116
167.26	0.000110
167.35	0.000107
167.42	0.000113
167.51	0.000113
167.59	0.000110
167.66	0.000118
167.75	0.000120
167.82	0.000122
167.91	0.000123
167.98	0.000116
168.07	0.000119
168.14	0.000111
168.23	0.000109
168.30	0.000116
168.38	0.000125
168.47	0.000117
168.54	0.000122
168.62	0.000109
168.71	0.000108
168.78	0.000112
168.86	0.000119
168.94	0.000119
169.03	0.000119
169.10	0.000115
169.19	0.000113
169.26	0.000107
169.35	0.000116
169.42	0.000113
169.50	0.000115
169.59	0.000118
169.66	0.000110
169.75	0.000114
169.83	0.000121
169.91	0.000125
169.98	0.000115
170.06	0.000113
170.14	0.000118
170.22	0.000116
170.30	0.000113
170.38	0.000112
170.46	0.000109
170.54	0.000112
170.62	0.000102
170.70	0.000096
170.78	0.000109
170.86	0.000115
170.94	0.000108
171.02	0.000100
171.10	0.000109
171.18	0.000110
171.26	0.000102
171.34	0.000109
171.42	0.000119
171.50	0.000114
171.58	0.000116
171.66	0.000121
171.75	0.000117
171.82	0.000122
171.91	0.000119
171.98	0.000106
172.07	0.000112
172.15	0.000115
172.22	0.000113
172.31	0.000121
172.39	0.000111
172.46	0.000113
172.55	0.000109
172.63	0.000112
172.70	0.000109
172.78	0.000118
172.87	0.000120
172.94	0.000121
173.03	0.000122
173.11	0.000118
173.18	0.000115
173.27	0.000096
173.35	0.000107
173.42	0.000098
173.51	0.000111
173.59	0.000120
173.66	0.000119
173.75	0.000120
173.82	0.000135
173.90	0.000124
173.99	0.000124
174.06	0.000124
174.15	0.000111
174.22	0.000106
174.31	0.000113
174.39	0.000118
174.46	0.000110
174.55	0.000105
174.62	0.000111
174.71	0.000112
174.78	0.000111
174.86	0.000102
174.94	0.000097
175.02	0.000094
175.10	0.000107
175.18	0.000114
175.26	0.000108
175.34	0.000112
175.42	0.000103
175.50	0.000104
175.58	0.000112
175.66	0.000106
175.74	0.000110
175.82	0.000119
175.90	0.000113
175.98	0.000107
176.06	0.000110
176.14	0.000104
176.22	0.000117
176.30	0.000116
176.38	0.000116
176.46	0.000108
176.54	0.000116
176.62	0.000116
176.70	0.000112
176.78	0.000112
176.87	0.000113
176.94	0.000116
177.03	0.000116
177.10	0.000112
177.18	0.000106
177.27	0.000105
177.34	0.000108
177.43	0.000107
177.50	0.000112
177.59	0.000114
177.67	0.000118
177.74	0.000111
177.83	0.000100
177.91	0.000107
177.98	0.000113
178.07	0.000112
178.15	0.000119
178.22	0.000116
178.30	0.000106
178.39	0.000104
178.46	0.000112
178.55	0.000111
178.63	0.000117
178.70	0.000110
178.79	0.000107
178.87	0.000105
178.94	0.000108
179.03	0.000111
179.10	0.000113
179.19	0.000119
179.26	0.000111
179.35	0.000106
179.42	0.000103
179.49	0.000100
179.57	0.000104
179.65	0.000104
179.74	0.000100
179.81	0.000103
179.89	0.000107
179.97	0.000107
180.05	0.000103
180.13	0.000103
180.21	0.000107
180.29	0.000100
180.37	0.000100
180.45	0.000098
180.53	0.000106
180.61	0.000097
180.69	0.000091
180.77	0.000105
180.85	0.000105
180.93	0.000105
181.01	0.000103
181.09	0.000106
181.17	0.000102
181.25	0.000101
181.33	0.000103
181.41	0.000097
181.49	0.000102
181.57	0.000111
181.65	0.000112
181.73	0.000108
181.81	0.000109
181.89	0.000112
181.97	0.000104
182.06	0.000099
182.13	0.000103
182.21	0.000106
182.30	0.000114
182.38	0.000115
182.45	0.000111
182.54	0.000120
182.61	0.000119
182.69	0.000108
182.78	0.000110
182.86	0.000099
182.94	0.000105
183.01	0.000114
183.10	0.000112
183.18	0.000117
183.25	0.000109
183.34	0.000111
183.42	0.000106
183.49	0.000105
183.58	0.000108
183.66	0.000106
183.73	0.000099
183.81	0.000101
183.89	0.000110
183.98	0.000109
184.05	0.000100
184.13	0.000109
184.22	0.000102
184.29	0.000111
184.37	0.000114
184.46	0.000110
184.53	0.000103
184.62	0.000107
184.69	0.000118
184.77	0.000119
184.85	0.000115
184.93	0.000113
185.01	0.000111
185.09	0.000110
185.17	0.000100
185.25	0.000106
185.33	0.000095
185.41	0.000105
185.49	0.000106
185.57	0.000111
185.65	0.000099
185.73	0.000097
185.81	0.000093
185.90	0.000089
185.97	0.000090
186.05	0.000103
186.13	0.000110
186.21	0.000105
186.29	0.000107
186.37	0.000105
186.45	0.000106
186.53	0.000106
186.61	0.000106
186.69	0.000110
186.77	0.000103
186.85	0.000104
186.93	0.000098
187.01	0.000105
187.09	0.000108
187.18	0.000104
187.25	0.000104
187.34	0.000108
187.42	0.000105
187.49	0.000112
187.58	0.000107
187.66	0.000108
187.73	0.000092
187.82	0.000103
187.90	0.000102
187.97	0.000093
188.06	0.000097
188.13	0.000100
188.21	0.000093
188.29	0.000092
188.37	0.000095
188.46	0.000110
188.53	0.000115
188.61	0.000101
188.69	0.000110
188.77	0.000108
188.85	0.000106
188.93	0.000110
189.01	0.000120
189.09	0.000109
189.17	0.000103
189.25	0.000098
189.33	0.000098
189.41	0.000100
189.49	0.000101
189.57	0.000100
189.65	0.000098
189.73	0.000105
189.81	0.000096
189.89	0.000103
189.97	0.000105
190.04	0.000107
190.13	0.000105
190.20	0.000102
190.29	0.000103
190.36	0.000104
190.44	0.000120
190.53	0.000102
190.60	0.000100
190.69	0.000092
190.76	0.000098
190.85	0.000105
190.93	0.000113
191.00	0.000115
191.09	0.000111
191.17	0.000099
191.24	0.000096
191.33	0.000110
191.40	0.000108
191.48	0.000118
191.57	0.000116
191.64	0.000108
191.73	0.000112
191.81	0.000119
191.89	0.000106
191.97	0.000106
192.05	0.000106
192.13	0.000104
192.21	0.000108
192.29	0.000101
192.37	0.000103
192.45	0.000104
192.53	0.000100
192.61	0.000104
192.69	0.000110
192.77	0.000105
192.85	0.000103
192.93	0.000110
193.01	0.000113
193.09	0.000107
193.18	0.000108
193.25	0.000097
193.33	0.000102
193.41	0.000103
193.49	0.000099
193.57	0.000093
193.65	0.000098
193.73	0.000108
193.81	0.000104
193.88	0.000107
193.97	0.000109
194.04	0.000110
194.13	0.000110
194.20	0.000109
194.29	0.000110
194.37	0.000103
194.45	0.000112
194.53	0.000105
194.61	0.000107
194.69	0.000101
194.77	0.000101
194.85	0.000102
194.92	0.000105
195.01	0.000096
195.09	0.000092
195.17	0.000099
195.25	0.000100
195.33	0.000096
195.41	0.000104
195.49	0.000097
195.57	0.000094
195.65	0.000096
195.73	0.000102
195.80	0.000093
195.89	0.000091
195.97	0.000094
196.04	0.000097
196.13	0.000093
196.21	0.000094
196.29	0.000099
196.37	0.000096
196.45	0.000103
196.53	0.000105
196.61	0.000100
196.69	0.000092
196.77	0.000101
196.85	0.000104
196.93	0.000103
197.01	0.000104
197.09	0.000101
197.17	0.000102
197.25	0.000103
197.33	0.000096
197.41	0.000089
197.49	0.000100
197.57	0.000094
197.65	0.000100
197.74	0.000111
197.81	0.000101
197.90	0.000103
197.97	0.000099
198.05	0.000097
198.13	0.000106
198.21	0.000106
198.29	0.000113
198.37	0.000113
198.45	0.000115
198.53	0.000112
198.61	0.000110
198.69	0.000111
198.77	0.000124
198.85	0.000115
198.93	0.000114
199.01	0.000117
199.09	0.000119
199.17	0.000105
199.25	0.000108
199.33	0.000103
199.41	0.000099
199.49	0.000099
199.57	0.000100
199.65	0.000109
199.73	0.000110
199.81	0.000116
199.89	0.000114
199.97	0.000100
200.05	0.000096
200.13	0.000098
200.21	0.000100
200.29	0.000107
200.37	0.000104
200.45	0.000103
200.53	0.000111
200.61	0.000104
200.69	0.000106
200.77	0.000106
200.85	0.000108
200.93	0.000102
201.01	0.000099
201.09	0.000106
201.18	0.000110
201.26	0.000105
201.33	0.000109
201.42	0.000108
201.50	0.000112
201.57	0.000104
201.66	0.000103
201.74	0.000102
201.81	0.000102
201.90	0.000105
201.98	0.000102
202.05	0.000107
202.14	0.000117
202.22	0.000117
202.29	0.000116
202.36	0.000111
202.45	0.000106
202.53	0.000104
202.60	0.000106
202.69	0.000102
202.77	0.000096
202.85	0.000108
202.93	0.000107
203.00	0.000105
203.09	0.000103
203.16	0.000107
203.24	0.000104
203.33	0.000104
203.40	0.000100
203.49	0.000106
203.57	0.000097
203.64	0.000105
203.73	0.000106
203.80	0.000100
203.89	0.000107
203.97	0.000108
204.05	0.000098
204.12	0.000106
204.21	0.000099
204.28	0.000106
204.37	0.000110
204.44	0.000113
204.52	0.000110
204.60	0.000108
204.68	0.000105
204.76	0.000114
204.84	0.000109
204.92	0.000108
205.01	0.000100
205.08	0.000107
205.16	0.000109
205.24	0.000110
205.33	0.000109
205.40	0.000123
205.48	0.000115
205.57	0.000111
205.64	0.000104
205.72	0.000108
205.81	0.000102
205.88	0.000105
205.96	0.000112
206.05	0.000110
206.12	0.000109
206.21	0.000110
206.28	0.000112
206.37	0.000099
206.44	0.000119
206.52	0.000116
206.61	0.000118
206.69	0.000105
206.76	0.000105
206.85	0.000118
206.93	0.000119
207.01	0.000113
207.09	0.000112
207.17	0.000113
207.25	0.000112
207.33	0.000106
207.41	0.000112
207.49	0.000112
207.57	0.000105
207.65	0.000108
207.73	0.000111
207.81	0.000106
207.89	0.000109
207.97	0.000120
208.05	0.000111
208.13	0.000110
208.21	0.000111
208.29	0.000118
208.37	0.000108
208.45	0.000100
208.53	0.000116
208.60	0.000108
208.69	0.000110
208.76	0.000116
208.85	0.000119
208.92	0.000108
209.01	0.000109
209.09	0.000108
209.16	0.000115
209.25	0.000116
209.32	0.000113
209.41	0.000102
209.49	0.000097
209.57	0.000092
209.65	0.000102
209.72	0.000105
209.80	0.000106
209.89	0.000110
209.96	0.000106
210.04	0.000111
210.13	0.000109
210.21	0.000108
210.28	0.000119
210.37	0.000123
210.44	0.000122
210.52	0.000119
210.61	0.000111
210.68	0.000104
210.76	0.000109
210.84	0.000113
210.93	0.000110
211.00	0.000111
211.09	0.000110
211.16	0.000107
211.25	0.000107
211.33	0.000116
211.41	0.000117
211.48	0.000111
211.57	0.000112
211.65	0.000111
211.73	0.000109
211.81	0.000109
211.89	0.000117
211.97	0.000106
212.05	0.000115
212.13	0.000106
212.21	0.000109
212.29	0.000109
212.37	0.000110
212.45	0.000110
212.53	0.000109
212.61	0.000104
212.69	0.000105
212.77	0.000109
212.85	0.000112
212.93	0.000117
213.01	0.000115
213.09	0.000120
213.17	0.000108
213.25	0.000104
213.32	0.000096
213.41	0.000100
213.49	0.000108
213.57	0.000104
213.65	0.000112
213.72	0.000101
213.80	0.000099
213.89	0.000106
213.96	0.000094
214.05	0.000095
214.12	0.000101
214.21	0.000106
214.29	0.000107
214.36	0.000100
214.45	0.000107
214.52	0.000111
214.61	0.000098
214.68	0.000104
214.76	0.000112
214.85	0.000101
214.92	0.000098
215.00	0.000091
215.09	0.000107
215.17	0.000103
215.24	0.000104
215.32	0.000104
215.41	0.000104
215.48	0.000103
215.56	0.000106
215.65	0.000103
215.73	0.000100
215.80	0.000107
215.89	0.000097
215.96	0.000081
216.04	0.000085
216.13	0.000095
216.21	0.000097
216.29	0.000096
216.37	0.000106
216.44	0.000111
216.53	0.000103
216.61	0.000107
216.69	0.000099
216.77	0.000104
216.85	0.000100
216.93	0.000102
217.01	0.000103
217.09	0.000109
217.16	0.000109
217.25	0.000098
217.33	0.000098
217.40	0.000100
217.49	0.000099
217.56	0.000102
217.65	0.000105
217.72	0.000103
217.80	0.000107
217.89	0.000109
217.96	0.000105
218.05	0.000112
218.12	0.000109
218.21	0.000104
218.29	0.000107
218.36	0.000102
218.45	0.000106
218.53	0.000109
218.60	0.000104
218.68	0.000107
218.76	0.000111
218.84	0.000102
218.92	0.000107
219.00	0.000104
219.08	0.000111
219.16	0.000105
219.24	0.000114
219.32	0.000106
219.40	0.000103
219.48	0.000107
219.56	0.000097
219.64	0.000101
219.72	0.000103
219.80	0.000104
219.88	0.000107
219.96	0.000100
220.04	0.000095
220.12	0.000106
220.20	0.000104
220.28	0.000099
220.36	0.000097
220.44	0.000101
220.52	0.000099
220.60	0.000100
220.68	0.000094
220.76	0.000092
220.84	0.000095
220.92	0.000095
221.01	0.000104
221.09	0.000112
221.16	0.000107
221.24	0.000109
221.33	0.000109
221.40	0.000094
221.49	0.000097
221.57	0.000091
221.64	0.000097
221.73	0.000091
221.81	0.000091
221.88	0.000099
221.97	0.000100
222.05	0.000101
222.13	0.000095
222.20	0.000099
222.29	0.000107
222.37	0.000099
222.44	0.000104
222.53	0.000109
222.60	0.000101
222.69	0.000099
222.76	0.000096
222.85	0.000100
222.92	0.000098
223.00	0.000107
223.08	0.000091
223.16	0.000102
223.24	0.000111
223.32	0.000107
223.40	0.000098
223.48	0.000097
223.56	0.000100
223.64	0.000094
223.72	0.000095
223.80	0.000102
223.88	0.000100
223.96	0.000104
224.04	0.000100
224.12	0.000097
224.20	0.000098
224.28	0.000098
224.36	0.000102
224.44	0.000105
224.52	0.000101
224.59	0.000104
224.68	0.000095
224.75	0.000099
224.83	0.000098
224.92	0.000089
224.99	0.000087
225.07	0.000094
225.16	0.000098
225.24	0.000100
225.32	0.000101
225.40	0.000105
225.48	0.000103
225.56	0.000087
225.64	0.000100
225.72	0.000110
225.80	0.000099
225.88	0.000098
225.96	0.000099
226.04	0.000096
226.12	0.000090
226.20	0.000101
226.28	0.000096
226.36	0.000096
226.44	0.000103
226.52	0.000101
226.60	0.000101
226.68	0.000100
226.76	0.000096
226.84	0.000093
226.92	0.000100
227.00	0.000094
227.08	0.000096
227.16	0.000095
227.24	0.000100
227.32	0.000092
227.40	0.000087
227.48	0.000094
227.56	0.000104
227.64	0.000100
227.72	0.000099
227.80	0.000095
227.88	0.000096
227.96	0.000101
228.04	0.000092
228.12	0.000106
228.20	0.000098
228.28	0.000093
228.36	0.000100
228.44	0.000094
228.52	0.000097
228.60	0.000102
228.68	0.000099
228.76	0.000094
228.84	0.000099
228.92	0.000100
229.00	0.000107
229.09	0.000105
229.16	0.000109
229.23	0.000108
229.31	0.000098
229.40	0.000100
229.47	0.000107
229.56	0.000104
229.64	0.000112
229.71	0.000111
229.80	0.000099
229.87	0.000100
229.96	0.000100
230.03	0.000103
230.12	0.000096
230.19	0.000092
230.28	0.000083
230.36	0.000095
230.44	0.000100
230.52	0.000109
230.60	0.000095
230.69	0.000096
230.76	0.000093
230.84	0.000096
230.92	0.000099
231.00	0.000092
231.08	0.000093
231.16	0.000099
231.24	0.000098
231.32	0.000099
231.41	0.000096
231.48	0.000097
231.57	0.000091
231.64	0.000089
231.73	0.000090
231.80	0.000104
231.88	0.000109
231.97	0.000103
232.04	0.000106
232.13	0.000103
232.20	0.000090
232.29	0.000107
232.37	0.000104
232.44	0.000099
232.53	0.000099
232.61	0.000099
232.68	0.000094
232.76	0.000097
232.85	0.000098
232.92	0.000099
233.01	0.000092
233.09	0.000092
233.16	0.000090
233.25	0.000095
233.32	0.000097
233.40	0.000098
233.49	0.000103
233.56	0.000099
233.64	0.000089
233.72	0.000090
233.80	0.000090
233.88	0.000098
233.96	0.000091
234.04	0.000085
234.12	0.000088
234.20	0.000089
234.28	0.000085
234.36	0.000088
234.44	0.000093
234.52	0.000095
234.60	0.000094
234.68	0.000099
234.76	0.000099
234.84	0.000098
234.92	0.000098
235.00	0.000094
235.08	0.000093
235.16	0.000091
235.24	0.000099
235.32	0.000096
235.40	0.000083
235.48	0.000095
235.56	0.000082
235.64	0.000086
235.72	0.000092
235.80	0.000097
235.88	0.000106
235.97	0.000103
236.04	0.000102
236.12	0.000087
236.21	0.000089
236.28	0.000089
236.36	0.000089
236.45	0.000092
236.52	0.000090
236.60	0.000089
236.69	0.000094
236.76	0.000088
236.84	0.000092
236.93	0.000088
237.00	0.000077
237.09	0.000083
237.16	0.000080
237.25	0.000082
237.32	0.000092
237.41	0.000100
237.48	0.000087
237.57	0.000086
237.65	0.000085
237.72	0.000094
237.81	0.000092
237.89	0.000095
237.96	0.000097
238.05	0.000096
238.13	0.000097
238.20	0.000096
238.29	0.000087
238.36	0.000089
238.45	0.000082
238.52	0.000089
238.60	0.000090
238.69	0.000087
238.76	0.000091
238.85	0.000086
238.92	0.000082
239.00	0.000087
239.08	0.000088
239.16	0.000084
239.24	0.000078
239.32	0.000089
239.40	0.000095
239.48	0.000094
239.56	0.000091
239.64	0.000094
239.72	0.000083
239.80	0.000091
239.88	0.000096
239.96	0.000102
240.04	0.000102
240.12	0.000092
240.20	0.000092
240.28	0.000087
240.36	0.000091
240.44	0.000092
240.52	0.000097
240.60	0.000097
240.68	0.000088
240.76	0.000084
240.84	0.000082
240.93	0.000085
241.00	0.000092
241.09	0.000085
241.16	0.000082
241.24	0.000082
241.33	0.000084
241.41	0.000088
241.48	0.000093
241.56	0.000086
241.65	0.000087
241.72	0.000092
241.81	0.000095
241.89	0.000097
241.96	0.000083
242.05	0.000091
242.13	0.000098
242.20	0.000097
242.29	0.000106
242.36	0.000091
242.45	0.000084
242.52	0.000089
242.60	0.000096
242.69	0.000089
242.76	0.000095
242.85	0.000093
242.92	0.000089
243.01	0.000084
243.08	0.000090
243.16	0.000082
243.25	0.000086
243.32	0.000083
243.41	0.000091
243.48	0.000087
243.57	0.000083
243.65	0.000082
243.72	0.000099
243.80	0.000097
243.89	0.000092
243.96	0.000097
244.04	0.000089
244.12	0.000094
244.20	0.000085
244.28	0.000092
244.36	0.000090
244.44	0.000090
244.52	0.000098
244.60	0.000092
244.68	0.000100
244.76	0.000093
244.84	0.000094
244.92	0.000087
245.00	0.000082
245.08	0.000074
245.16	0.000081
245.24	0.000085
245.32	0.000076
245.40	0.000081
245.48	0.000088
245.56	0.000084
245.64	0.000099
245.72	0.000101
245.80	0.000087
245.88	0.000088
245.96	0.000087
246.04	0.000092
246.12	0.000081
246.21	0.000077
246.28	0.000079
246.37	0.000078
246.45	0.000077
246.52	0.000080
246.61	0.000090
246.69	0.000090
246.76	0.000091
246.85	0.000089
246.93	0.000081
247.00	0.000086
247.09	0.000093
247.16	0.000081
247.25	0.000086
247.32	0.000080
247.40	0.000092
247.49	0.000082
247.56	0.000089
247.64	0.000081
247.72	0.000090
247.80	0.000093
247.88	0.000091
247.96	0.000087
248.04	0.000089
248.12	0.000091
248.20	0.000095
248.28	0.000095
248.36	0.000090
248.44	0.000089
248.52	0.000077
248.60	0.000086
248.68	0.000083
248.76	0.000082
248.84	0.000089
248.92	0.000084
249.00	0.000083
249.08	0.000085
249.16	0.000092
249.23	0.000091
249.32	0.000081
249.39	0.000085
249.47	0.000092
249.56	0.000093
249.63	0.000092
249.72	0.000081
249.80	0.000094
249.87	0.000098
249.96	0.000093
250.03	0.000089
250.12	0.000083
250.20	0.000088
250.27	0.000097
250.36	0.000093
250.44	0.000086
250.51	0.000082
250.60	0.000083
250.68	0.000085
250.76	0.000090
250.84	0.000078
250.92	0.000080
251.00	0.000082
251.08	0.000080
251.16	0.000093
251.24	0.000080
251.32	0.000085
251.40	0.000078
251.48	0.000084
251.56	0.000084
251.64	0.000083
251.72	0.000075
251.80	0.000082
251.88	0.000081
251.96	0.000081
252.04	0.000076
252.12	0.000087
252.20	0.000083
252.28	0.000082
252.36	0.000083
252.44	0.000082
252.52	0.000090
252.60	0.000077
252.68	0.000066
252.76	0.000076
252.84	0.000072
252.91	0.000078
253.00	0.000088
253.07	0.000094
253.16	0.000097
253.24	0.000100
253.31	0.000092
253.40	0.000088
253.47	0.000088
253.56	0.000074
253.63	0.000088
253.71	0.000094
253.80	0.000094
253.87	0.000089
253.95	0.000093
254.04	0.000089
254.11	0.000090
254.19	0.000083
254.28	0.000088
254.35	0.000088
254.44	0.000085
254.52	0.000085
254.60	0.000092
254.68	0.000084
254.76	0.000078
254.84	0.000083
254.92	0.000079
255.00	0.000071
255.08	0.000077
255.16	0.000083
255.24	0.000079
255.32	0.000081
255.40	0.000083
255.48	0.000087
255.56	0.000088
255.64	0.000081
255.72	0.000082
255.80	0.000085
255.88	0.000089
255.96	0.000088
256.04	0.000084
256.12	0.000090
256.20	0.000087
256.29	0.000077
256.36	0.000081
256.44	0.000091
256.52	0.000082
256.61	0.000085
256.68	0.000079
256.77	0.000079
256.84	0.000080
256.92	0.000084
257.01	0.000084
257.08	0.000078
257.17	0.000075
257.25	0.000078
257.32	0.000087
257.40	0.000088
257.48	0.000092
257.56	0.000086
257.64	0.000084
257.72	0.000086
257.80	0.000085
257.88	0.000084
257.96	0.000091
258.04	0.000091
258.12	0.000081
258.20	0.000087
258.28	0.000072
258.36	0.000072
258.44	0.000087
258.52	0.000081
258.60	0.000093
258.68	0.000093
258.76	0.000088
258.84	0.000092
258.92	0.000085
259.00	0.000083
259.08	0.000086
259.16	0.000085
259.24	0.000076
259.32	0.000084
259.40	0.000087
259.48	0.000086
259.56	0.000088
259.64	0.000089
259.72	0.000091
259.80	0.000082
259.88	0.000083
259.96	0.000091
260.04	0.000092
260.11	0.000083
260.19	0.000092
260.27	0.000085
260.36	0.000101
260.43	0.000089
260.51	0.000081
260.60	0.000077
260.67	0.000073
260.75	0.000081
260.84	0.000084
260.91	0.000078
260.99	0.000087
261.08	0.000084
261.15	0.000078
261.23	0.000078
261.31	0.000086
261.40	0.000092
261.47	0.000093
261.56	0.000083
261.63	0.000081
261.71	0.000080
261.80	0.000087
261.87	0.000086
261.95	0.000085
262.04	0.000078
262.11	0.000081
262.20	0.000085
262.28	0.000090
262.35	0.000081
262.43	0.000081
262.51	0.000084
262.60	0.000084
262.67	0.000084
262.75	0.000087
262.83	0.000091
262.91	0.000080
262.99	0.000089
263.07	0.000086
263.15	0.000086
263.23	0.000085
263.31	0.000081
263.39	0.000085
263.48	0.000088
263.55	0.000082
263.63	0.000089
263.71	0.000101
263.79	0.000099
263.87	0.000095
263.95	0.000088
264.03	0.000097
264.11	0.000093
264.19	0.000094
264.27	0.000093
264.35	0.000095
264.43	0.000076
264.51	0.000077
264.59	0.000094
264.67	0.000083
264.75	0.000086
264.83	0.000087
264.91	0.000081
264.99	0.000084
265.07	0.000084
265.15	0.000082
265.23	0.000075
265.32	0.000083
265.39	0.000081
265.47	0.000084
265.56	0.000089
265.63	0.000083
265.72	0.000089
265.79	0.000093
265.88	0.000090
265.95	0.000094
266.03	0.000084
266.12	0.000090
266.19	0.000083
266.27	0.000085
266.36	0.000077
266.43	0.000076
266.51	0.000093
266.60	0.000091
266.67	0.000082
266.75	0.000087
266.83	0.000085
266.92	0.000081
267.00	0.000073
267.07	0.000078
267.16	0.000073
267.24	0.000083
267.32	0.000079
267.39	0.000083
267.48	0.000092
267.56	0.000083
267.63	0.000083
267.72	0.000087
267.79	0.000095
267.87	0.000092
267.95	0.000083
268.03	0.000077
268.11	0.000087
268.19	0.000093
268.28	0.000096
268.35	0.000099
268.44	0.000095
268.52	0.000090
268.59	0.000092
268.68	0.000094
268.75	0.000090
268.83	0.000087
268.92	0.000093
268.99	0.000089
269.08	0.000090
269.15	0.000096
269.23	0.000101
269.31	0.000099
269.40	0.000097
269.47	0.000090
269.56	0.000084
269.63	0.000084
269.72	0.000088
269.80	0.000095
269.87	0.000093
269.96	0.000085
270.04	0.000085
270.12	0.000085
270.19	0.000083
270.28	0.000087
270.36	0.000080
270.44	0.000074
270.52	0.000091
270.60	0.000096
270.68	0.000096
270.76	0.000092
270.84	0.000088
270.92	0.000098
271.00	0.000092
271.08	0.000101
271.16	0.000098
271.24	0.000096
271.32	0.000087
271.40	0.000091
271.48	0.000092
271.56	0.000093
271.64	0.000101
271.72	0.000105
271.80	0.000096
271.88	0.000087
271.96	0.000084
272.04	0.000087
272.12	0.000074
272.20	0.000083
272.28	0.000087
272.36	0.000097
272.44	0.000098
272.52	0.000091
272.60	0.000100
272.68	0.000105
272.76	0.000097
272.83	0.000096
272.92	0.000096
272.99	0.000099
273.07	0.000092
273.16	0.000084
273.23	0.000093
273.31	0.000091
273.40	0.000095
273.47	0.000097
273.56	0.000101
273.63	0.000096
273.72	0.000095
273.80	0.000095
273.87	0.000098
273.96	0.000093
274.04	0.000090
274.11	0.000093
274.20	0.000094
274.28	0.000084
274.35	0.000088
274.44	0.000082
274.52	0.000089
274.59	0.000093
274.68	0.000087
274.75	0.000093
274.84	0.000090
274.91	0.000094
275.00	0.000093
275.08	0.000089
275.15	0.000087
275.24	0.000080
275.32	0.000082
275.39	0.000082
275.48	0.000084
275.56	0.000084
275.64	0.000093
275.72	0.000096
275.80	0.000080
275.88	0.000093
275.96	0.000092
276.04	0.000089
276.12	0.000084
276.20	0.000085
276.27	0.000085
276.36	0.000080
276.43	0.000079
276.51	0.000090
276.60	0.000087
276.67	0.000094
276.76	0.000095
276.84	0.000096
276.91	0.000091
277.00	0.000090
277.07	0.000090
277.16	0.000089
277.23	0.000092
277.31	0.000096
277.40	0.000100
277.47	0.000099
277.56	0.000102
277.63	0.000098
277.71	0.000092
277.79	0.000092
277.88	0.000097
277.95	0.000103
278.04	0.000096
278.11	0.000103
278.19	0.000104
278.27	0.000093
278.35	0.000092
278.43	0.000084
278.51	0.000094
278.59	0.000098
278.67	0.000098
278.75	0.000082
278.83	0.000078
278.91	0.000091
278.99	0.000087
279.07	0.000094
279.15	0.000086
279.23	0.000078
279.31	0.000088
279.39	0.000088
279.47	0.000083
279.55	0.000096
279.63	0.000104
279.71	0.000091
279.79	0.000099
279.88	0.000094
279.95	0.000099
280.03	0.000100
280.12	0.000096
280.19	0.000086
280.28	0.000101
280.35	0.000092
280.44	0.000100
280.51	0.000108
280.60	0.000109
280.67	0.000109
280.76	0.000110
280.83	0.000118
280.92	0.000108
280.99	0.000107
281.08	0.000109
281.15	0.000109
281.24	0.000106
281.32	0.000106
281.39	0.000107
281.48	0.000101
281.55	0.000097
281.64	0.000103
281.71	0.000102
281.79	0.000106
281.88	0.000096
281.95	0.000103
282.04	0.000107
282.11	0.000109
282.19	0.000096
282.27	0.000094
282.35	0.000108
282.43	0.000111
282.51	0.000111
282.59	0.000106
282.67	0.000112
282.75	0.000100
282.83	0.000089
282.91	0.000097
282.99	0.000102
283.07	0.000113
283.15	0.000107
283.23	0.000103
283.32	0.000107
283.39	0.000106
283.46	0.000106
283.55	0.000099
283.63	0.000100
283.71	0.000101
283.78	0.000117
283.87	0.000102
283.94	0.000098
284.03	0.000100
284.11	0.000102
284.19	0.000107
284.26	0.000108
284.35	0.000115
284.43	0.000121
284.51	0.000114
284.59	0.000118
284.67	0.000122
284.75	0.000126
284.83	0.000128
284.91	0.000125
284.99	0.000132
285.07	0.000125
285.15	0.000119
285.23	0.000116
285.31	0.000111
285.39	0.000115
285.47	0.000120
285.55	0.000120
285.63	0.000119
285.71	0.000125
285.79	0.000126
285.87	0.000130
285.95	0.000131
286.03	0.000130
286.11	0.000122
286.19	0.000126
286.27	0.000128
286.35	0.000126
286.43	0.000127
286.51	0.000124
286.59	0.000131
286.67	0.000132
286.75	0.000132
286.83	0.000131
286.91	0.000128
286.99	0.000127
287.08	0.000121
287.15	0.000121
287.23	0.000126
287.31	0.000131
287.39	0.000129
287.47	0.000134
287.55	0.000144
287.63	0.000148
287.71	0.000156
287.79	0.000142
287.87	0.000149
287.94	0.000145
288.03	0.000140
288.11	0.000140
288.18	0.000134
288.27	0.000154
288.34	0.000155
288.43	0.000153
288.50	0.000143
288.58	0.000157
288.67	0.000156
288.74	0.000155
288.82	0.000153
288.91	0.000154
288.98	0.000158
289.07	0.000153
289.15	0.000156
289.22	0.000156
289.31	0.000145
289.39	0.000156
289.46	0.000146
289.55	0.000162
289.63	0.000169
289.71	0.000162
289.79	0.000166
289.87	0.000160
289.95	0.000161
290.03	0.000163
290.11	0.000166
290.19	0.000166
290.27	0.000170
290.35	0.000168
290.43	0.000170
290.51	0.000171
290.59	0.000174
290.67	0.000181
290.75	0.000178
290.83	0.000178
290.91	0.000180
290.99	0.000172
291.07	0.000175
291.15	0.000185
291.23	0.000193
291.31	0.000189
291.39	0.000184
291.47	0.000196
291.55	0.000193
291.63	0.000193
291.71	0.000189
291.79	0.000197
291.87	0.000205
291.95	0.000201
292.03	0.000208
292.11	0.000212
292.19	0.000211
292.27	0.000209
292.35	0.000208
292.43	0.000215
292.51	0.000214
292.59	0.000213
292.67	0.000217
292.75	0.000218
292.83	0.000215
292.91	0.000228
292.98	0.000232
293.07	0.000234
293.14	0.000236
293.23	0.000240
293.30	0.000238
293.38	0.000236
293.47	0.000232
293.54	0.000232
293.63	0.000234
293.70	0.000234
293.79	0.000247
293.87	0.000241
293.94	0.000239
294.03	0.000247
294.11	0.000244
294.18	0.000259
294.27	0.000257
294.34	0.000255
294.43	0.000257
294.50	0.000258
294.59	0.000268
294.67	0.000276
294.75	0.000270
294.83	0.000270
294.91	0.000277
294.99	0.000282
295.07	0.000287
295.15	0.000292
295.23	0.000293
295.31	0.000292
295.39	0.000286
295.47	0.000298
295.55	0.000303
295.63	0.000317
295.71	0.000311
295.79	0.000323
295.87	0.000321
295.95	0.000315
296.03	0.000313
296.11	0.000323
296.19	0.000322
296.27	0.000332
296.35	0.000338
296.43	0.000340
296.51	0.000338
296.59	0.000350
296.67	0.000368
296.75	0.000368
296.83	0.000363
296.91	0.000368
296.99	0.000375
297.07	0.000373
297.15	0.000386
297.23	0.000405
297.31	0.000402
297.39	0.000409
297.47	0.000419
297.55	0.000418
297.63	0.000414
297.71	0.000427
297.79	0.000427
297.87	0.000450
297.95	0.000450
298.02	0.000441
298.11	0.000446
298.18	0.000464
298.27	0.000474
298.34	0.000480
298.42	0.000483
298.51	0.000492
298.58	0.000486
298.67	0.000494
298.74	0.000506
298.83	0.000511
298.91	0.000515
298.98	0.000516
299.07	0.000532
299.15	0.000546
299.22	0.000545
299.31	0.000554
299.39	0.000563
299.46	0.000565
299.55	0.000570
299.63	0.000586
299.70	0.000593
299.79	0.000598
299.87	0.000611
299.95	0.000615
300.02	0.000625
300.11	0.000637
300.19	0.000642
300.27	0.000644
300.35	0.000661
300.43	0.000673
300.51	0.000688
300.59	0.000697
300.67	0.000715
300.75	0.000716
300.83	0.000730
300.91	0.000743
300.99	0.000748
301.07	0.000749
301.15	0.000772
301.23	0.000772
301.31	0.000782
301.39	0.000798
301.47	0.000810
301.55	0.000832
301.63	0.000849
301.71	0.000865
301.79	0.000876
301.87	0.000890
301.95	0.000908
302.03	0.000915
302.11	0.000935
302.19	0.000938
302.27	0.000950
302.35	0.000963
302.43	0.000979
302.51	0.001004
302.59	0.001023
302.67	0.001031
302.74	0.001047
302.83	0.001068
302.90	0.001092
302.99	0.001097
303.06	0.001117
303.14	0.001126
303.23	0.001141
303.30	0.001147
303.38	0.001167
303.47	0.001184
303.54	0.001194
303.63	0.001209
303.71	0.001221
303.79	0.001237
303.86	0.001254
303.94	0.001268
304.03	0.001281
304.10	0.001311
304.19	0.001325
304.26	0.001336
304.35	0.001357
304.43	0.001381
304.50	0.001392
304.59	0.001403
304.67	0.001424
304.74	0.001446
304.83	0.001469
304.91	0.001487
304.99	0.001503
305.07	0.001530
305.15	0.001546
305.23	0.001574
305.31	0.001598
305.39	0.001621
305.47	0.001633
305.55	0.001650
305.63	0.001673
305.71	0.001691
305.79	0.001708
305.87	0.001732
305.95	0.001771
306.03	0.001795
306.11	0.001806
306.19	0.001839
306.27	0.001860
306.35	0.001892
306.43	0.001914
306.51	0.001943
306.58	0.001977
306.67	0.002001
306.74	0.002030
306.83	0.002039
306.91	0.002074
306.98	0.002102
307.07	0.002123
307.15	0.002142
307.23	0.002171
307.31	0.002192
307.38	0.002223
307.47	0.002251
307.55	0.002279
307.63	0.002296
307.71	0.002322
307.79	0.002357
307.87	0.002373
307.95	0.002397
308.03	0.002415
308.11	0.002438
308.19	0.002449
308.27	0.002476
308.35	0.002505
308.43	0.002533
308.51	0.002562
308.59	0.002584
308.67	0.002612
308.75	0.002624
308.83	0.002648
308.92	0.002676
308.99	0.002692
309.07	0.002714
309.15	0.002743
309.24	0.002773
309.31	0.002795
309.40	0.002810
309.48	0.002846
309.55	0.002873
309.64	0.002904
309.72	0.002920
309.79	0.002955
309.88	0.002964
309.96	0.002991
310.03	0.003024
310.11	0.003054
310.20	0.003086
310.27	0.003108
310.35	0.003136
310.44	0.003151
310.51	0.003183
310.60	0.003207
310.68	0.003227
310.75	0.003253
310.84	0.003267
310.92	0.003298
311.00	0.003322
311.07	0.003354
311.16	0.003388
311.23	0.003414
311.32	0.003435
311.39	0.003474
311.47	0.003491
311.56	0.003520
311.63	0.003547
311.71	0.003560
311.79	0.003593
311.87	0.003608
311.95	0.003624
312.03	0.003643
312.11	0.003669
312.19	0.003688
312.27	0.003709
312.35	0.003730
312.43	0.003750
312.51	0.003761
312.59	0.003775
312.67	0.003807
312.75	0.003819
312.83	0.003834
312.91	0.003853
312.99	0.003875
313.07	0.003889
313.15	0.003915
313.23	0.003931
313.31	0.003948
313.39	0.003970
313.47	0.003994
313.55	0.004000
313.63	0.004005
313.71	0.004018
313.80	0.004027
313.87	0.004045
313.95	0.004065
314.04	0.004082
314.11	0.004102
314.19	0.004123
314.27	0.004126
314.36	0.004144
314.43	0.004153
314.52	0.004170
314.59	0.004182
314.67	0.004195
314.75	0.004200
314.84	0.004217
314.91	0.004225
314.99	0.004230
315.08	0.004248
315.15	0.004249
315.23	0.004261
315.31	0.004272
315.40	0.004275
315.47	0.004293
315.56	0.004308
315.63	0.004305
315.72	0.004307
315.79	0.004325
315.87	0.004320
315.96	0.004325
316.03	0.004331
316.12	0.004336
316.20	0.004333
316.27	0.004356
316.36	0.004361
316.44	0.004366
316.52	0.004362
316.59	0.004365
316.68	0.004364
316.75	0.004369
316.83	0.004366
316.91	0.004373
316.99	0.004365
317.07	0.004363
317.15	0.004364
317.23	0.004362
317.31	0.004367
317.39	0.004364
317.47	0.004368
317.55	0.004361
317.63	0.004359
317.71	0.004349
317.79	0.004349
317.87	0.004340
317.95	0.004334
318.03	0.004325
318.11	0.004311
318.19	0.004309
318.27	0.004306
318.35	0.004295
318.43	0.004294
318.51	0.004292
318.59	0.004290
318.67	0.004272
318.76	0.004266
318.83	0.004249
318.92	0.004240
319.00	0.004233
319.07	0.004236
319.15	0.004216
319.24	0.004208
319.31	0.004193
319.40	0.004188
319.48	0.004187
319.55	0.004177
319.64	0.004162
319.71	0.004139
319.80	0.004126
319.87	0.004120
319.96	0.004104
320.03	0.004091
320.12	0.004076
320.20	0.004067
320.27	0.004043
320.36	0.004041
320.43	0.004032
320.52	0.004015
320.59	0.004007
320.68	0.003995
320.76	0.003961
320.83	0.003939
320.92	0.003920
320.99	0.003911
321.08	0.003885
321.15	0.003882
321.23	0.003854
321.32	0.003835
321.39	0.003824
321.48	0.003820
321.55	0.003792
321.63	0.003766
321.71	0.003745
321.79	0.003728
321.87	0.003712
321.96	0.003696
322.03	0.003671
322.11	0.003654
322.19	0.003630
322.27	0.003611
322.35	0.003591
322.43	0.003570
322.51	0.003549
322.59	0.003530
322.67	0.003511
322.75	0.003490
322.83	0.003470
322.91	0.003463
322.99	0.003441
323.07	0.003425
323.15	0.003402
323.23	0.003381
323.31	0.003366
323.39	0.003344
323.47	0.003316
323.55	0.003300
323.63	0.003277
323.71	0.003256
323.79	0.003230
323.87	0.003214
323.95	0.003190
324.04	0.003181
324.11	0.003154
324.19	0.003137
324.27	0.003123
324.36	0.003102
324.43	0.003089
324.51	0.003069
324.60	0.003031
324.67	0.003023
324.75	0.002993
324.84	0.002975
324.91	0.002946
324.99	0.002931
325.08	0.002905
325.15	0.002891
325.23	0.002870
325.32	0.002858
325.39	0.002834
325.47	0.002813
325.56	0.002795
325.63	0.002774
325.71	0.002755
325.80	0.002726
325.87	0.002710
325.95	0.002694
326.04	0.002675
326.11	0.002656
326.20	0.002626
326.28	0.002610
326.35	0.002589
326.44	0.002556
326.51	0.002531
326.60	0.002519
326.67	0.002501
326.75	0.002481
326.83	0.002467
326.91	0.002431
326.99	0.002414
327.07	0.002397
327.15	0.002391
327.23	0.002368
327.31	0.002350
327.39	0.002329
327.48	0.002313
327.55	0.002300
327.63	0.002280
327.71	0.002263
327.79	0.002252
327.87	0.002235
327.95	0.002222
328.03	0.002205
328.11	0.002177
328.19	0.002157
328.27	0.002146
328.35	0.002132
328.43	0.002111
328.51	0.002105
328.59	0.002084
328.67	0.002072
328.75	0.002054
328.83	0.002049
328.91	0.002028
328.99	0.002007
329.07	0.001986
329.15	0.001972
329.23	0.001943
329.32	0.001933
329.39	0.001926
329.47	0.001914
329.56	0.001905
329.63	0.001876
329.72	0.001866
329.79	0.001842
329.88	0.001829
329.95	0.001818
330.03	0.001802
330.12	0.001782
330.19	0.001771
330.27	0.001747
330.36	0.001734
330.43	0.001729
330.52	0.001716
330.59	0.001700
330.68	0.001687
330.75	0.001671
330.84	0.001658
330.91	0.001645
331.00	0.001637
331.07	0.001614
331.16	0.001595
331.24	0.001583
331.31	0.001572
331.40	0.001568
331.47	0.001561
331.55	0.001544
331.63	0.001527
331.71	0.001515
331.79	0.001505
331.87	0.001486
331.95	0.001476
332.03	0.001473
332.11	0.001452
332.19	0.001447
332.27	0.001429
332.35	0.001420
332.43	0.001411
332.51	0.001405
332.59	0.001394
332.67	0.001373
332.75	0.001370
332.83	0.001358
332.91	0.001356
332.99	0.001344
333.07	0.001336
333.15	0.001322
333.23	0.001314
333.31	0.001314
333.39	0.001300
333.47	0.001301
333.55	0.001289
333.63	0.001279
333.71	0.001264
333.79	0.001259
333.87	0.001251
333.95	0.001246
334.03	0.001238
334.12	0.001236
334.19	0.001207
334.27	0.001189
334.36	0.001184
334.43	0.001173
334.51	0.001178
334.59	0.001177
334.68	0.001177
334.75	0.001164
334.84	0.001151
334.91	0.001144
334.99	0.001144
335.08	0.001135
335.15	0.001112
335.24	0.001111
335.32	0.001101
335.39	0.001090
335.47	0.001083
335.55	0.001075
335.63	0.001074
335.71	0.001069
335.79	0.001061
335.87	0.001052
335.95	0.001049
336.03	0.001042
336.11	0.001026
336.19	0.001007
336.27	0.001011
336.35	0.001002
336.43	0.000992
336.52	0.000984
336.59	0.000980
336.67	0.000980
336.75	0.000970
336.82	0.000956
336.91	0.000957
336.99	0.000956
337.07	0.000950
337.14	0.000938
337.23	0.000932
337.30	0.000937
337.39	0.000916
337.46	0.000921
337.54	0.000911
337.63	0.000920
337.70	0.000915
337.78	0.000897
337.86	0.000896
337.95	0.000900
338.02	0.000888
338.11	0.000881
338.19	0.000874
338.26	0.000869
338.35	0.000871
338.42	0.000872
338.51	0.000866
338.58	0.000869
338.67	0.000863
338.75	0.000862
338.82	0.000853
338.91	0.000842
338.99	0.000831
339.07	0.000833
339.15	0.000832
339.23	0.000826
339.31	0.000823
339.39	0.000821
339.47	0.000810
339.55	0.000807
339.63	0.000803
339.71	0.000795
339.79	0.000802
339.87	0.000793
339.95	0.000794
340.03	0.000791
340.11	0.000786
340.19	0.000766
340.27	0.000764
340.35	0.000769
340.43	0.000769
340.51	0.000772
340.59	0.000763
340.67	0.000751
340.75	0.000747
340.82	0.000747
340.91	0.000735
340.99	0.000727
341.07	0.000733
341.14	0.000725
341.23	0.000723
341.31	0.000724
341.38	0.000727
341.47	0.000711
341.54	0.000706
341.63	0.000700
341.70	0.000695
341.78	0.000707
341.87	0.000698
341.94	0.000695
342.03	0.000683
342.11	0.000688
342.18	0.000684
342.26	0.000680
342.34	0.000681
342.43	0.000679
342.50	0.000675
342.59	0.000661
342.66	0.000666
342.74	0.000668
342.82	0.000668
342.90	0.000669
342.99	0.000668
343.07	0.000655
343.14	0.000646
343.23	0.000651
343.31	0.000649
343.39	0.000648
343.47	0.000644
343.55	0.000639
343.63	0.000644
343.71	0.000635
343.79	0.000630
343.87	0.000628
343.95	0.000620
344.03	0.000619
344.11	0.000613
344.19	0.000611
344.27	0.000610
344.35	0.000608
344.43	0.000602
344.51	0.000607
344.59	0.000610
344.67	0.000599
344.76	0.000602
344.83	0.000592
344.91	0.000598
344.99	0.000602
345.07	0.000594
345.15	0.000592
345.23	0.000582
345.31	0.000577
345.39	0.000586
345.47	0.000574
345.54	0.000578
345.63	0.000577
345.71	0.000579
345.79	0.000584
345.87	0.000588
345.95	0.000576
346.03	0.000568
346.11	0.000566
346.19	0.000564
346.27	0.000553
346.35	0.000556
346.43	0.000548
346.51	0.000553
346.59	0.000553
346.67	0.000554
346.75	0.000556
346.83	0.000559
346.91	0.000553
346.99	0.000557
347.07	0.000551
347.14	0.000548
347.23	0.000555
347.30	0.000539
347.39	0.000537
347.46	0.000535
347.55	0.000531
347.63	0.000538
347.70	0.000532
347.79	0.000539
347.86	0.000531
347.95	0.000528
348.02	0.000522
348.11	0.000518
348.18	0.000522
348.27	0.000515
348.35	0.000516
348.42	0.000524
348.51	0.000528
348.59	0.000523
348.67	0.000523
348.75	0.000512
348.83	0.000509
348.91	0.000511
348.99	0.000512
349.07	0.000508
349.15	0.000507
349.23	0.000501
349.31	0.000504
349.39	0.000503
349.47	0.000493
349.55	0.000497
349.63	0.000498
349.71	0.000496
349.79	0.000492
349.87	0.000491
349.95	0.000493
350.03	0.000488
350.11	0.000470
350.19	0.000482
350.27	0.000480
350.35	0.000478
350.43	0.000491
350.51	0.000484
350.59	0.000480
350.67	0.000475
350.75	0.000474
350.83	0.000473
350.91	0.000466
350.99	0.000465
351.07	0.000469
351.15	0.000467
351.23	0.000462
351.31	0.000459
351.39	0.000450
351.47	0.000458
351.55	0.000451
351.63	0.000457
351.70	0.000461
351.79	0.000455
351.87	0.000453
351.95	0.000456
352.02	0.000451
352.10	0.000453
352.19	0.000452
352.26	0.000456
352.35	0.000440
352.42	0.000445
352.51	0.000445
352.59	0.000435
352.66	0.000440
352.75	0.000442
352.82	0.000443
352.90	0.000448
352.99	0.000442
353.06	0.000445
353.15	0.000436
353.22	0.000436
353.31	0.000431
353.39	0.000435
353.46	0.000439
353.55	0.000436
353.63	0.000440
353.70	0.000439
353.79	0.000433
353.87	0.000423
353.94	0.000431
354.03	0.000420
354.11	0.000422
354.19	0.000422
354.27	0.000425
354.35	0.000436
354.43	0.000435
354.51	0.000427
354.59	0.000424
354.67	0.000424
354.75	0.000418
354.83	0.000405
354.91	0.000412
354.99	0.000413
355.07	0.000419
355.15	0.000413
355.23	0.000411
355.31	0.000405
355.39	0.000406
355.47	0.000408
355.55	0.000417
355.63	0.000402
355.71	0.000402
355.79	0.000394
355.87	0.000401
355.95	0.000396
356.03	0.000400
356.11	0.000404
356.19	0.000403
356.27	0.000401
356.35	0.000396
356.43	0.000395
356.51	0.000395
356.58	0.000396
356.67	0.000387
356.75	0.000385
356.83	0.000392
356.91	0.000391
356.98	0.000384
357.07	0.000394
357.14	0.000399
357.23	0.000399
357.30	0.000393
357.38	0.000387
357.47	0.000399
357.54	0.000390
357.63	0.000389
357.71	0.000381
357.78	0.000378
357.87	0.000382
357.94	0.000379
358.03	0.000385
358.11	0.000387
358.18	0.000385
358.27	0.000382
358.34	0.000376
358.43	0.000366
358.50	0.000368
358.59	0.000369
358.67	0.000370
358.75	0.000374
358.82	0.000373
358.91	0.000374
358.99	0.000369
359.07	0.000375
359.15	0.000367
359.23	0.000368
359.31	0.000369
359.39	0.000363
359.47	0.000353
359.55	0.000351
359.63	0.000356
359.71	0.000353
359.79	0.000357
359.87	0.000365
359.95	0.000351
360.03	0.000353
360.11	0.000354
360.19	0.000355
360.27	0.000346
360.35	0.000342
360.43	0.000351
360.51	0.000353
360.59	0.000356
360.67	0.000351
360.75	0.000342
360.83	0.000339
360.91	0.000336
360.99	0.000338
361.07	0.000330
361.15	0.000320
361.23	0.000328
361.31	0.000330
361.39	0.000339
361.46	0.000334
361.55	0.000340
361.63	0.000336
361.70	0.000336
361.79	0.000327
361.88	0.000340
361.95	0.000333
362.03	0.000328
362.11	0.000334
362.19	0.000334
362.27	0.000327
362.35	0.000334
362.43	0.000330
362.51	0.000340
362.59	0.000336
362.67	0.000324
362.75	0.000319
362.83	0.000320
362.91	0.000321
362.99	0.000319
363.07	0.000319
363.15	0.000315
363.23	0.000320
363.32	0.000319
363.39	0.000319
363.47	0.000315
363.56	0.000310
363.64	0.000304
363.71	0.000312
363.80	0.000311
363.88	0.000315
363.95	0.000305
364.04	0.000302
364.11	0.000305
364.20	0.000304
364.27	0.000296
364.36	0.000295
364.44	0.000291
364.51	0.000298
364.60	0.000296
364.68	0.000296
364.75	0.000293
364.83	0.000303
364.92	0.000301
364.99	0.000302
365.08	0.000303
365.15	0.000298
365.24	0.000305
365.31	0.000288
365.39	0.000291
365.48	0.000286
365.55	0.000277
365.63	0.000289
365.72	0.000282
365.79	0.000287
365.88	0.000284
365.95	0.000286
366.04	0.000278
366.11	0.000276
366.19	0.000285
366.27	0.000283
366.35	0.000274
366.43	0.000279
366.51	0.000280
366.59	0.000279
366.67	0.000274
366.75	0.000278
366.83	0.000273
366.91	0.000267
366.99	0.000269
367.07	0.000276
367.15	0.000274
367.23	0.000276
367.31	0.000284
367.39	0.000275
367.47	0.000266
367.56	0.000260
367.63	0.000257
367.72	0.000265
367.79	0.000274
367.88	0.000266
367.96	0.000271
368.03	0.000269
368.11	0.000265
368.20	0.000256
368.27	0.000261
368.36	0.000265
368.44	0.000266
368.51	0.000265
368.60	0.000257
368.68	0.000260
368.75	0.000257
368.84	0.000256
368.92	0.000253
368.99	0.000258
369.08	0.000256
369.15	0.000254
369.24	0.000247
369.31	0.000251
369.39	0.000244
369.48	0.000242
369.55	0.000247
369.64	0.000246
369.72	0.000251
369.79	0.000249
369.88	0.000245
369.95	0.000243
370.04	0.000239
370.11	0.000240
370.19	0.000245
370.27	0.000236
370.35	0.000232
370.43	0.000237
370.51	0.000235
370.59	0.000227
370.67	0.000239
371.56	0.000220
371.87	0.000233
371.94	0.000233
372.03	0.000222
372.11	0.000228
372.19	0.000219
372.26	0.000222
372.35	0.000213
372.43	0.000212
372.51	0.000223
372.59	0.000215
372.67	0.000211
372.75	0.000217
372.83	0.000219
372.91	0.000212
372.99	0.000205
373.07	0.000196
373.15	0.000200
373.23	0.000210
373.31	0.000200
373.39	0.000196
373.47	0.000204
373.55	0.000201
373.63	0.000201
373.71	0.000205
373.79	0.000201
373.88	0.000203
373.95	0.000209
374.04	0.000203
374.11	0.000201
374.20	0.000192
374.27	0.000198
374.36	0.000197
374.44	0.000194
374.51	0.000196
374.60	0.000191
374.67	0.000185
374.76	0.000193
374.83	0.000192
374.92	0.000196
374.99	0.000188
375.07	0.000177
375.15	0.000191
375.23	0.000195
375.31	0.000189
375.39	0.000187
375.47	0.000193
375.55	0.000196
375.63	0.000189
375.71	0.000193
375.79	0.000195
375.87	0.000185
375.95	0.000188
376.03	0.000173
376.11	0.000179
376.19	0.000177
376.27	0.000176
376.35	0.000180
376.43	0.000176
376.51	0.000176
376.59	0.000180
376.66	0.000175
376.75	0.000181
376.82	0.000170
376.91	0.000174
376.98	0.000172
377.07	0.000172
377.14	0.000168
377.23	0.000164
377.31	0.000176
377.39	0.000167
377.46	0.000171
377.55	0.000166
377.63	0.000167
377.71	0.000176
377.79	0.000174
377.87	0.000166
377.95	0.000169
378.03	0.000167
378.11	0.000162
378.19	0.000172
378.27	0.000166
378.35	0.000161
378.43	0.000165
378.51	0.000156
378.60	0.000157
378.67	0.000161
378.75	0.000154
378.83	0.000156
378.91	0.000152
379.00	0.000156
379.07	0.000157
379.16	0.000152
379.23	0.000149
379.32	0.000153
379.39	0.000154
379.48	0.000156
379.55	0.000154
379.64	0.000154
379.71	0.000150
379.80	0.000158
379.87	0.000161
379.95	0.000166
380.03	0.000160
380.11	0.000166
380.18	0.000151
380.27	0.000154
380.33	0.000154
380.42	0.000154
380.49	0.000155
380.57	0.000144
380.65	0.000140
380.74	0.000147
380.81	0.000141
380.89	0.000135
380.97	0.000137
381.29	0.000148
381.53	0.000148
381.89	0.000136
381.93	0.000146
382.16	0.000132
382.24	0.000134
382.32	0.000138
382.40	0.000133
382.48	0.000143
382.56	0.000133
382.64	0.000139
382.72	0.000133
382.80	0.000141
382.88	0.000139
382.96	0.000136
383.05	0.000135
383.12	0.000130
383.20	0.000132
383.28	0.000133
383.37	0.000127
383.44	0.000130
383.53	0.000133
383.60	0.000130
383.69	0.000135
383.76	0.000131
383.85	0.000123
383.92	0.000117
384.01	0.000120
384.08	0.000117
384.17	0.000119
384.24	0.000111
384.32	0.000118
384.40	0.000126
384.48	0.000130
384.57	0.000130
384.64	0.000122
384.72	0.000127
384.80	0.000125
385.12	0.000131
385.37	0.000120
385.74	0.000112
385.77	0.000111
386.07	0.000112
386.15	0.000121
386.24	0.000121
386.32	0.000108
386.40	0.000111
386.47	0.000119
386.56	0.000115
386.63	0.000114
386.72	0.000107
386.79	0.000113
386.88	0.000112
386.95	0.000107
387.04	0.000111
387.11	0.000104
387.20	0.000111
387.27	0.000105
387.36	0.000109
387.43	0.000110
387.52	0.000108
387.59	0.000110
387.68	0.000108
387.75	0.000115
387.84	0.000111
387.92	0.000103
388.00	0.000112
388.07	0.000116
388.16	0.000111
388.24	0.000114
388.32	0.000118
388.40	0.000113
388.48	0.000112
388.56	0.000113
388.64	0.000109
388.72	0.000112
388.80	0.000117
388.88	0.000110
388.96	0.000108
389.04	0.000099
389.12	0.000104
389.20	0.000093
389.28	0.000095
389.36	0.000094
389.44	0.000096
389.52	0.000102
389.60	0.000096
389.68	0.000093
389.76	0.000099
389.84	0.000091
389.92	0.000096
390.00	0.000102
390.09	0.000096
390.16	0.000106
390.24	0.000102
390.32	0.000100
390.40	0.000100
390.49	0.000102
390.56	0.000099
390.64	0.000098
390.72	0.000097
390.80	0.000089
390.88	0.000095
390.96	0.000104
391.04	0.000095
391.12	0.000104
391.20	0.000101
391.28	0.000102
391.36	0.000108
391.44	0.000107
391.52	0.000100
391.60	0.000103
391.68	0.000105
391.76	0.000098
391.83	0.000104
391.92	0.000114
392.00	0.000113
392.08	0.000110
392.15	0.000103
392.24	0.000095
392.32	0.000101
392.40	0.000093
392.48	0.000099
392.56	0.000107
392.64	0.000107
392.72	0.000089
392.80	0.000098
392.88	0.000082
392.96	0.000098
393.04	0.000100
393.12	0.000090
393.20	0.000095
393.28	0.000095
393.36	0.000100
393.44	0.000094
393.52	0.000099
393.60	0.000089
393.69	0.000093
393.76	0.000097
393.85	0.000091
393.92	0.000091
394.01	0.000099
394.08	0.000092
394.17	0.000096
394.24	0.000102
394.32	0.000101
394.40	0.000095
394.49	0.000093
394.56	0.000077
394.64	0.000075
394.72	0.000082
394.80	0.000084
394.88	0.000082
394.96	0.000095
395.04	0.000096
395.12	0.000091
395.20	0.000084
395.28	0.000087
395.36	0.000088
395.44	0.000087
395.52	0.000083
395.60	0.000083
395.68	0.000080
395.76	0.000084
395.83	0.000081
395.92	0.000089
396.00	0.000085
396.08	0.000089
396.15	0.000088
396.24	0.000093
396.31	0.000092
396.40	0.000092
396.47	0.000084
396.56	0.000093
396.63	0.000098
396.72	0.000093
396.79	0.000097
396.88	0.000100
396.95	0.000091
397.04	0.000095
397.11	0.000080
397.20	0.000090
397.27	0.000092
397.36	0.000084
397.43	0.000081
397.52	0.000088
397.59	0.000088
397.68	0.000081
397.75	0.000092
397.84	0.000098
397.91	0.000084
398.00	0.000088
398.07	0.000081
398.15	0.000084
398.24	0.000085
398.32	0.000083
398.40	0.000087
398.48	0.000083
398.56	0.000086
398.64	0.000084
398.72	0.000089
398.80	0.000074
398.88	0.000082
398.96	0.000082
399.04	0.000077
399.12	0.000085
399.20	0.000096
399.28	0.000082
399.36	0.000081
399.44	0.000077
399.52	0.000083
399.60	0.000080
399.68	0.000081
399.76	0.000081
399.84	0.000083
399.92	0.000073
400.00	0.000063
400.08	0.000070
400.15	0.000079
400.24	0.000082
400.32	0.000077
400.39	0.000069
400.48	0.000081
400.55	0.000072
