#format: kpower1
#filename: ctr2-3.txt
#date: 2010-05-14 11:24:05
#description: ctr 1.25mg/ml powt
0.04	-0.000016
0.12	-0.000008
0.18	-0.000014
0.26	-0.000019
0.34	-0.000016
0.42	-0.000021
0.50	-0.000020
0.58	-0.000013
0.66	0.000001
0.74	-0.000013
0.82	-0.000019
0.90	-0.000004
0.98	-0.000016
1.06	-0.000020
1.14	-0.000013
1.22	-0.000006
1.30	-0.000008
1.38	-0.000012
1.46	-0.000006
1.54	-0.000010
1.63	-0.000016
1.70	-0.000011
1.78	-0.000015
1.86	-0.000001
1.95	-0.000012
2.02	-0.000006
2.10	-0.000009
2.19	-0.000011
2.26	-0.000009
2.35	-0.000006
2.42	-0.000012
2.51	-0.000017
2.58	-0.000009
2.67	-0.000005
2.75	-0.000010
2.82	-0.000012
2.91	-0.000012
2.98	-0.000010
3.07	-0.000010
3.14	-0.000011
3.23	-0.000017
3.30	-0.000017
3.39	-0.000012
3.46	-0.000011
3.54	-0.000010
3.63	-0.000010
3.71	-0.000018
3.79	-0.000025
3.87	-0.000010
3.95	-0.000025
4.03	-0.000021
4.10	-0.000015
4.19	-0.000021
4.26	-0.000011
4.34	-0.000017
4.41	-0.000017
4.50	-0.000014
4.57	-0.000011
4.66	-0.000005
4.73	-0.000008
4.81	-0.000010
4.89	-0.000014
4.98	-0.000021
5.06	-0.000009
5.13	-0.000014
5.21	-0.000013
5.29	-0.000012
5.37	-0.000027
5.46	-0.000018
5.54	-0.000019
5.61	-0.000010
5.69	-0.000010
5.77	-0.000005
5.85	-0.000016
5.93	-0.000019
6.01	-0.000009
6.09	-0.000008
6.17	-0.000003
6.25	-0.000010
6.34	-0.000018
6.42	-0.000016
6.49	-0.000016
6.58	-0.000007
6.66	-0.000016
6.73	-0.000012
6.82	-0.000016
6.89	-0.000015
6.98	-0.000008
7.06	-0.000003
7.13	-0.000002
7.22	-0.000008
7.30	-0.000004
7.37	-0.000007
7.46	-0.000011
7.54	-0.000006
7.62	-0.000009
7.70	0.000004
7.78	0.000005
7.86	-0.000011
7.94	-0.000013
8.03	-0.000000
8.10	-0.000003
8.18	0.000000
8.26	-0.000005
8.34	-0.000009
8.42	-0.000003
8.50	-0.000004
8.58	0.000003
8.66	-0.000012
8.74	0.000004
8.82	0.000004
8.90	0.000011
8.98	0.000003
9.06	-0.000007
9.13	-0.000009
9.22	-0.000008
9.29	-0.000010
9.38	-0.000011
9.45	0.000004
9.53	-0.000007
9.62	-0.000010
9.70	-0.000010
9.78	-0.000013
9.85	-0.000005
9.94	-0.000000
10.02	-0.000009
10.10	-0.000003
10.18	-0.000013
10.25	-0.000005
10.34	0.000006
10.42	-0.000002
10.50	-0.000007
10.57	-0.000003
10.66	0.000002
10.73	-0.000001
10.82	0.000004
10.90	-0.000008
10.98	-0.000019
11.06	-0.000004
11.14	0.000001
11.22	-0.000005
11.30	0.000003
11.38	0.000001
11.46	-0.000006
11.54	-0.000003
11.62	-0.000008
11.70	-0.000009
11.78	-0.000007
11.86	0.000001
11.94	0.000002
12.02	-0.000007
12.10	-0.000007
12.18	-0.000006
12.26	-0.000010
12.35	-0.000006
12.42	0.000000
12.51	0.000004
12.58	-0.000007
12.91	0.000004
12.98	-0.000002
13.07	0.000003
13.14	0.000006
13.23	0.000010
13.30	-0.000001
13.39	-0.000003
13.46	-0.000013
13.55	-0.000012
13.62	-0.000007
13.71	-0.000014
13.78	-0.000020
13.87	-0.000021
13.94	-0.000023
14.03	-0.000016
14.10	-0.000014
14.19	-0.000011
14.27	-0.000013
14.35	-0.000018
14.43	-0.000017
14.51	-0.000020
14.59	-0.000011
14.67	-0.000006
14.74	-0.000014
14.83	-0.000006
14.90	0.000004
14.99	0.000001
15.07	0.000006
15.15	0.000005
15.23	-0.000002
15.30	-0.000010
15.39	-0.000013
15.46	-0.000018
15.55	-0.000008
15.62	-0.000003
15.71	-0.000009
15.78	-0.000003
15.87	-0.000000
15.94	-0.000011
16.03	-0.000017
16.10	-0.000024
16.19	-0.000019
16.26	-0.000008
16.34	-0.000008
16.42	-0.000013
16.50	-0.000004
16.58	0.000000
16.66	-0.000005
16.74	-0.000013
16.82	-0.000016
16.90	-0.000015
16.98	-0.000007
17.06	-0.000008
17.14	-0.000012
17.22	-0.000012
17.30	-0.000010
17.38	-0.000010
17.46	-0.000005
17.54	-0.000008
17.62	-0.000009
17.70	-0.000006
17.78	-0.000009
17.86	-0.000013
17.94	-0.000014
18.02	-0.000013
18.10	-0.000013
18.18	-0.000005
18.26	-0.000015
18.34	-0.000012
18.42	-0.000013
18.50	-0.000011
18.58	-0.000005
18.66	-0.000010
18.74	-0.000010
18.82	-0.000010
18.90	-0.000013
18.98	-0.000009
19.06	-0.000014
19.14	-0.000008
19.22	0.000002
19.30	-0.000010
19.38	-0.000012
19.46	-0.000011
19.54	-0.000007
19.62	-0.000009
19.70	0.000001
19.78	-0.000009
19.86	-0.000009
19.94	-0.000013
20.02	-0.000015
20.10	-0.000013
20.18	-0.000019
20.26	-0.000009
20.34	-0.000006
20.42	-0.000010
20.50	-0.000012
20.58	-0.000011
20.66	-0.000013
20.74	-0.000008
20.82	-0.000008
20.90	-0.000020
20.98	-0.000009
21.06	-0.000012
21.14	-0.000021
21.22	-0.000017
21.30	-0.000013
21.38	-0.000010
21.46	-0.000005
21.54	-0.000004
21.62	-0.000014
21.70	-0.000002
21.77	0.000001
21.86	0.000009
21.93	-0.000002
22.02	-0.000006
22.09	-0.000009
22.18	-0.000013
22.25	0.000000
22.34	-0.000005
22.41	-0.000007
22.50	0.000002
22.57	0.000007
22.66	-0.000004
22.73	-0.000004
22.82	-0.000006
22.90	-0.000002
22.97	-0.000010
23.06	-0.000010
23.13	-0.000004
23.22	0.000001
23.31	-0.000003
23.38	-0.000000
23.45	-0.000013
23.54	-0.000002
23.61	-0.000019
23.70	-0.000017
23.77	-0.000022
23.86	-0.000013
23.94	-0.000011
24.02	-0.000010
24.09	-0.000007
24.18	-0.000003
24.25	-0.000001
24.34	-0.000010
24.41	-0.000014
24.50	-0.000018
24.58	-0.000020
24.66	-0.000015
24.74	-0.000023
24.82	-0.000016
24.90	-0.000021
24.98	-0.000011
25.06	-0.000009
25.14	-0.000010
25.22	-0.000012
25.30	-0.000015
25.62	-0.000019
25.70	-0.000006
25.78	-0.000010
25.86	-0.000013
25.94	-0.000019
26.02	-0.000017
26.10	-0.000020
26.18	-0.000016
26.25	-0.000017
26.34	-0.000019
26.41	-0.000026
26.50	-0.000010
26.57	-0.000010
26.66	-0.000003
26.73	-0.000009
26.82	-0.000013
26.89	-0.000012
26.98	-0.000008
27.05	-0.000001
27.14	-0.000011
27.21	-0.000001
27.30	-0.000009
27.37	-0.000011
27.46	-0.000014
27.53	-0.000015
27.61	-0.000003
27.70	-0.000006
27.77	-0.000013
27.85	-0.000012
27.93	-0.000003
28.02	-0.000009
28.09	-0.000007
28.18	-0.000008
28.25	-0.000008
28.34	-0.000005
28.41	-0.000011
28.49	-0.000007
28.58	-0.000013
28.65	-0.000017
28.74	-0.000011
28.82	-0.000016
28.89	-0.000013
28.97	-0.000004
29.06	-0.000005
29.13	-0.000004
29.22	-0.000003
29.29	-0.000011
29.38	-0.000014
29.45	-0.000011
29.53	-0.000022
29.62	-0.000017
29.69	-0.000021
29.78	-0.000014
29.86	-0.000021
29.94	-0.000025
30.02	-0.000026
30.10	-0.000016
30.18	-0.000022
30.26	-0.000018
30.34	-0.000008
30.42	-0.000010
30.50	-0.000009
30.58	-0.000015
30.66	-0.000012
30.74	-0.000000
30.82	-0.000001
30.90	-0.000007
30.98	-0.000011
31.06	-0.000019
31.14	-0.000022
31.21	-0.000012
31.30	-0.000010
31.38	-0.000009
31.45	-0.000013
31.54	0.000001
31.61	-0.000013
31.69	-0.000015
31.78	-0.000020
31.85	-0.000021
31.94	-0.000016
32.01	-0.000019
32.10	-0.000022
32.17	-0.000016
32.26	-0.000017
32.33	-0.000014
32.41	-0.000007
32.49	-0.000020
32.57	-0.000017
32.65	-0.000010
32.73	-0.000018
32.81	-0.000018
32.89	-0.000014
32.97	-0.000011
33.05	-0.000015
33.13	-0.000025
33.21	-0.000010
33.29	-0.000011
33.37	-0.000005
33.45	-0.000005
33.53	-0.000007
33.61	-0.000003
33.70	-0.000008
33.77	-0.000015
33.86	-0.000015
33.93	-0.000012
34.02	-0.000008
34.09	-0.000014
34.18	-0.000012
34.25	-0.000018
34.34	-0.000012
34.41	-0.000016
34.50	-0.000021
34.57	-0.000015
34.66	-0.000009
34.73	-0.000017
34.82	-0.000012
34.90	-0.000007
34.97	-0.000011
35.06	-0.000016
35.13	-0.000016
35.22	-0.000012
35.30	-0.000007
35.38	-0.000010
35.45	-0.000002
35.54	-0.000015
35.61	-0.000010
35.70	-0.000000
35.77	0.000003
35.86	-0.000005
35.94	-0.000014
36.01	-0.000007
36.09	-0.000008
36.17	-0.000014
36.25	-0.000025
36.33	-0.000016
36.41	-0.000026
36.49	-0.000027
36.57	-0.000013
36.65	-0.000013
36.73	-0.000009
36.81	0.000001
36.89	-0.000004
36.97	-0.000019
37.05	-0.000010
37.13	-0.000008
37.21	-0.000012
37.28	-0.000011
37.37	-0.000013
37.44	-0.000007
37.53	-0.000003
37.60	0.000002
37.69	-0.000003
37.76	-0.000019
37.85	-0.000023
37.92	-0.000017
38.01	-0.000011
38.08	-0.000009
38.17	-0.000007
38.24	-0.000018
38.33	-0.000016
38.40	-0.000011
38.49	-0.000002
38.57	-0.000013
38.65	-0.000023
38.73	-0.000014
38.81	-0.000008
38.89	-0.000011
38.97	-0.000015
39.05	-0.000013
39.13	-0.000015
39.21	-0.000018
39.29	-0.000019
39.37	-0.000018
39.45	-0.000014
39.53	-0.000007
39.61	-0.000018
39.69	-0.000014
39.77	-0.000015
39.85	-0.000003
39.93	-0.000005
40.01	-0.000014
40.09	-0.000016
40.17	-0.000007
40.25	-0.000013
40.33	-0.000010
40.41	-0.000011
40.49	-0.000012
40.57	-0.000013
40.65	-0.000018
40.73	-0.000010
40.81	-0.000013
40.89	-0.000014
40.97	-0.000013
41.05	-0.000018
41.13	-0.000012
41.21	-0.000009
41.29	-0.000013
41.37	-0.000023
41.45	-0.000019
41.53	-0.000023
41.61	-0.000015
41.68	-0.000005
41.77	-0.000016
41.84	-0.000007
41.93	-0.000002
42.00	-0.000003
42.08	-0.000004
42.16	0.000004
42.25	-0.000008
42.33	-0.000009
42.41	-0.000005
42.49	-0.000013
42.57	-0.000013
42.65	-0.000018
42.73	-0.000013
42.81	-0.000001
42.89	-0.000005
42.97	-0.000008
43.05	-0.000012
43.13	-0.000005
43.21	-0.000015
43.29	-0.000014
43.37	-0.000015
43.45	-0.000018
43.53	-0.000019
43.61	-0.000017
43.69	-0.000012
43.77	-0.000011
43.85	-0.000013
43.93	-0.000010
44.02	-0.000004
44.09	-0.000003
44.17	-0.000008
44.25	-0.000007
44.34	-0.000011
44.41	-0.000007
44.50	-0.000003
44.57	-0.000008
44.66	-0.000012
44.73	-0.000013
44.82	-0.000024
44.90	-0.000021
44.97	-0.000016
45.06	-0.000012
45.13	-0.000009
45.22	-0.000004
45.29	-0.000002
45.38	-0.000014
45.46	-0.000001
45.53	0.000000
45.61	-0.000006
45.70	-0.000016
45.77	-0.000012
45.85	-0.000009
45.93	0.000004
46.01	-0.000004
46.09	-0.000018
46.17	-0.000018
46.25	-0.000023
46.33	-0.000013
46.41	-0.000009
46.49	-0.000011
46.57	-0.000012
46.65	-0.000010
46.73	-0.000014
46.81	-0.000009
46.89	-0.000014
46.97	-0.000019
47.05	-0.000025
47.13	-0.000017
47.22	-0.000007
47.29	-0.000010
47.38	-0.000000
47.45	-0.000003
47.54	-0.000012
47.62	-0.000008
47.69	-0.000008
47.78	-0.000007
47.85	-0.000015
47.94	-0.000015
48.01	-0.000020
48.10	-0.000020
48.17	-0.000006
48.26	-0.000007
48.34	-0.000014
48.42	-0.000024
48.50	-0.000013
48.58	-0.000006
48.66	-0.000013
48.74	-0.000008
48.82	-0.000008
48.90	-0.000014
48.98	-0.000012
49.06	-0.000003
49.14	-0.000008
49.22	-0.000015
49.30	-0.000003
49.38	-0.000017
49.46	-0.000008
49.54	-0.000007
49.62	-0.000009
49.70	-0.000010
49.78	-0.000013
49.86	-0.000015
49.94	-0.000009
50.02	0.000002
50.10	-0.000011
50.18	-0.000003
50.26	-0.000009
50.34	-0.000003
50.42	-0.000021
50.50	-0.000019
50.58	-0.000011
50.66	-0.000006
50.74	0.000002
50.82	-0.000006
50.90	-0.000005
50.98	-0.000003
51.05	-0.000005
51.14	-0.000008
51.21	-0.000014
51.30	-0.000006
51.38	-0.000012
51.46	-0.000014
51.54	-0.000019
51.61	-0.000017
51.70	-0.000017
51.77	-0.000025
51.86	-0.000018
51.94	-0.000011
52.01	-0.000013
52.10	-0.000013
52.18	-0.000008
52.25	0.000001
52.34	-0.000002
52.42	-0.000001
52.49	-0.000005
52.58	-0.000015
52.65	-0.000015
52.74	-0.000026
52.81	-0.000022
52.90	-0.000016
52.98	-0.000019
53.06	-0.000008
53.13	-0.000017
53.22	-0.000026
53.30	-0.000017
53.38	-0.000013
53.46	-0.000006
53.54	-0.000006
53.62	-0.000006
53.70	-0.000014
53.78	-0.000009
53.86	-0.000024
53.94	-0.000018
54.02	-0.000011
54.10	-0.000008
54.18	-0.000017
54.26	-0.000018
54.34	-0.000027
54.42	-0.000018
54.50	-0.000016
54.58	-0.000028
54.66	-0.000017
54.74	-0.000014
54.82	-0.000015
54.90	-0.000015
54.98	-0.000008
55.06	-0.000011
55.14	-0.000012
55.22	-0.000009
55.30	-0.000011
55.38	-0.000017
55.46	-0.000005
55.54	-0.000021
55.62	-0.000017
55.70	-0.000014
55.78	-0.000012
55.86	-0.000006
55.94	-0.000002
56.02	-0.000017
56.10	-0.000010
56.17	-0.000024
56.26	-0.000013
56.33	-0.000016
56.42	-0.000015
56.49	-0.000016
56.58	-0.000003
56.65	-0.000006
56.74	-0.000007
56.81	-0.000006
56.90	-0.000007
56.97	-0.000005
57.06	-0.000013
57.13	-0.000011
57.21	-0.000005
57.30	-0.000013
57.37	-0.000017
57.46	-0.000015
57.53	-0.000013
57.62	-0.000013
57.70	-0.000002
57.78	-0.000008
57.85	-0.000006
57.94	-0.000001
58.02	-0.000008
58.10	-0.000004
58.18	-0.000000
58.26	-0.000008
58.34	-0.000011
58.42	-0.000011
58.50	-0.000011
58.58	-0.000021
58.66	-0.000014
58.74	-0.000012
58.82	-0.000005
58.90	-0.000016
58.98	-0.000003
59.06	-0.000014
59.14	-0.000023
59.22	-0.000017
59.30	-0.000003
59.38	-0.000006
59.46	-0.000009
59.54	-0.000013
59.63	-0.000013
59.70	-0.000023
59.78	-0.000018
59.86	-0.000019
59.95	-0.000017
60.02	-0.000015
60.10	-0.000010
60.18	-0.000011
60.26	-0.000011
60.34	-0.000003
60.42	-0.000007
60.50	-0.000010
60.58	-0.000009
60.66	-0.000008
60.74	-0.000007
60.82	-0.000016
60.90	-0.000018
60.98	-0.000018
61.06	-0.000009
61.13	-0.000009
61.22	-0.000003
61.30	-0.000011
61.38	-0.000014
61.45	-0.000015
61.54	-0.000019
61.61	-0.000022
61.70	-0.000008
61.77	-0.000006
61.86	-0.000007
61.93	-0.000015
62.02	-0.000008
62.10	-0.000017
62.17	-0.000011
62.26	-0.000013
62.33	-0.000010
62.41	-0.000008
62.49	-0.000010
62.57	-0.000010
62.65	-0.000014
62.73	-0.000005
62.81	-0.000006
62.89	0.000003
62.97	-0.000009
63.05	-0.000006
63.13	-0.000003
63.22	-0.000004
63.30	-0.000003
63.37	-0.000010
63.45	-0.000014
63.53	-0.000014
63.62	-0.000015
63.69	-0.000015
63.78	-0.000013
63.85	-0.000015
63.94	-0.000015
64.01	-0.000014
64.09	-0.000017
64.18	-0.000010
64.25	-0.000009
64.34	-0.000006
64.41	-0.000007
64.50	-0.000000
64.57	-0.000007
64.66	-0.000009
64.73	-0.000012
64.82	-0.000004
64.89	-0.000008
64.98	-0.000007
65.05	0.000004
65.14	0.000000
65.21	-0.000008
65.30	-0.000007
65.37	-0.000014
65.45	-0.000009
65.53	-0.000014
65.61	-0.000010
65.69	-0.000003
65.77	-0.000004
65.85	-0.000019
65.93	-0.000025
66.01	-0.000024
66.09	-0.000005
66.17	-0.000008
66.25	-0.000021
66.33	-0.000015
66.41	-0.000011
66.48	-0.000008
66.58	-0.000012
66.65	-0.000015
66.72	-0.000018
66.81	-0.000015
66.89	-0.000015
66.96	-0.000014
67.05	-0.000019
67.13	-0.000017
67.21	-0.000016
67.28	-0.000019
67.37	-0.000016
67.45	-0.000024
67.53	-0.000018
67.61	-0.000007
67.69	-0.000011
67.77	-0.000012
67.85	-0.000005
67.93	-0.000010
68.01	-0.000011
68.09	-0.000007
68.17	-0.000008
68.25	-0.000005
68.33	-0.000004
68.41	-0.000003
68.49	-0.000017
68.57	-0.000015
68.65	-0.000003
68.73	-0.000010
68.81	-0.000008
68.89	-0.000010
68.97	-0.000007
69.06	-0.000007
69.13	-0.000006
69.22	-0.000014
69.30	-0.000021
69.37	-0.000019
69.45	-0.000016
69.53	-0.000017
69.61	-0.000004
69.69	-0.000016
69.78	-0.000024
69.85	-0.000015
69.94	-0.000016
70.01	-0.000011
70.09	-0.000009
70.17	-0.000005
70.25	-0.000011
70.33	-0.000014
70.41	-0.000019
70.49	-0.000016
70.58	-0.000015
70.65	-0.000012
70.73	-0.000008
70.81	-0.000004
70.89	-0.000015
70.97	-0.000007
71.05	-0.000012
71.13	-0.000005
71.21	-0.000004
71.29	-0.000006
71.36	-0.000010
71.44	-0.000001
71.53	-0.000004
71.60	-0.000011
71.69	-0.000003
71.76	0.000005
71.85	0.000004
71.92	0.000005
72.01	-0.000007
72.08	-0.000011
72.17	-0.000005
72.24	-0.000009
72.33	-0.000020
72.41	-0.000014
72.49	-0.000006
72.56	-0.000007
72.65	-0.000008
72.73	-0.000007
72.81	-0.000006
72.89	-0.000006
72.97	-0.000004
73.05	-0.000001
73.13	-0.000008
73.21	-0.000011
73.29	-0.000014
73.37	-0.000008
73.45	-0.000010
73.53	-0.000003
73.61	-0.000014
73.69	-0.000012
73.77	-0.000010
73.85	-0.000015
73.93	-0.000008
74.01	-0.000003
74.09	-0.000018
74.17	-0.000007
74.25	0.000003
74.33	-0.000005
74.41	-0.000006
74.50	-0.000000
74.57	-0.000007
74.66	-0.000005
74.73	-0.000018
74.81	-0.000015
74.89	-0.000016
74.97	-0.000012
75.05	0.000002
75.13	-0.000009
75.21	-0.000002
75.29	-0.000008
75.37	-0.000010
75.45	-0.000006
75.53	-0.000017
75.61	-0.000020
75.69	-0.000013
75.77	-0.000010
75.85	0.000003
75.93	0.000001
76.01	-0.000003
76.09	-0.000008
76.17	0.000001
76.25	-0.000005
76.33	-0.000011
76.41	-0.000015
76.48	-0.000014
76.56	-0.000008
76.65	-0.000005
76.72	0.000004
76.80	-0.000004
76.89	0.000000
76.96	0.000002
77.05	0.000001
77.12	-0.000004
77.20	-0.000000
77.28	-0.000008
77.37	-0.000008
77.45	-0.000004
77.53	-0.000004
77.61	0.000003
77.69	-0.000011
77.77	-0.000004
77.85	-0.000003
77.93	-0.000005
78.01	-0.000009
78.09	-0.000001
78.17	0.000007
78.25	-0.000007
78.33	-0.000010
78.41	-0.000002
78.49	-0.000015
78.57	-0.000001
78.65	-0.000012
78.73	-0.000010
78.81	-0.000009
78.89	-0.000016
78.97	-0.000015
79.05	-0.000014
79.13	-0.000008
79.21	-0.000009
79.29	-0.000016
79.37	-0.000018
79.45	-0.000011
79.53	-0.000002
79.61	-0.000004
79.69	-0.000004
79.77	-0.000002
79.86	-0.000005
79.93	-0.000006
80.02	0.000001
80.09	-0.000004
80.17	-0.000010
80.25	-0.000005
80.33	-0.000003
80.41	-0.000007
80.49	-0.000013
80.57	-0.000011
80.65	-0.000004
80.73	-0.000008
80.81	-0.000005
80.89	-0.000016
80.97	-0.000018
81.05	-0.000018
81.13	-0.000010
81.21	-0.000010
81.29	-0.000015
81.37	-0.000001
81.45	-0.000006
81.53	-0.000003
81.61	-0.000007
81.68	-0.000011
81.77	-0.000000
81.84	-0.000005
81.93	0.000007
82.00	-0.000007
82.09	0.000000
82.17	-0.000002
82.25	0.000002
82.33	-0.000003
82.41	0.000000
82.49	-0.000005
82.57	-0.000001
82.65	-0.000003
82.73	0.000004
82.81	-0.000004
82.89	-0.000006
82.98	-0.000001
83.05	-0.000000
83.13	-0.000009
83.21	-0.000004
83.29	-0.000004
83.38	-0.000004
83.45	-0.000010
83.53	-0.000009
83.61	-0.000018
83.69	-0.000017
83.77	-0.000024
83.85	-0.000019
83.94	-0.000012
84.01	-0.000022
84.09	-0.000017
84.18	-0.000008
84.25	-0.000011
84.34	-0.000007
84.42	-0.000013
84.50	-0.000013
84.58	-0.000014
84.66	-0.000014
84.74	-0.000010
84.82	-0.000002
84.90	0.000006
84.97	-0.000006
85.06	-0.000014
85.14	-0.000012
85.22	-0.000010
85.30	-0.000020
85.37	-0.000008
85.46	-0.000006
85.54	-0.000013
85.61	-0.000010
85.70	-0.000013
85.77	-0.000015
85.86	-0.000015
85.93	-0.000013
86.02	-0.000017
86.09	-0.000019
86.18	-0.000009
86.25	0.000002
86.34	-0.000000
86.41	-0.000007
86.50	-0.000013
86.57	-0.000017
86.66	-0.000018
86.72	-0.000020
86.81	-0.000017
86.89	-0.000005
86.97	-0.000009
87.06	-0.000015
87.13	-0.000018
87.22	-0.000014
87.29	-0.000013
87.37	-0.000007
87.46	-0.000010
87.53	-0.000009
87.62	-0.000005
87.69	-0.000001
87.78	-0.000002
87.85	-0.000001
87.94	-0.000008
88.01	-0.000005
88.10	-0.000010
88.17	-0.000003
88.25	-0.000001
88.34	-0.000009
88.41	-0.000005
88.50	-0.000004
88.57	-0.000010
88.66	-0.000010
88.73	-0.000011
88.82	-0.000009
88.89	-0.000013
88.98	-0.000013
89.06	-0.000012
89.15	-0.000014
89.22	-0.000008
89.30	-0.000009
89.38	-0.000008
89.46	-0.000010
89.54	-0.000014
89.62	-0.000007
89.70	-0.000001
89.78	-0.000010
89.86	-0.000005
89.94	-0.000016
90.02	-0.000014
90.09	-0.000008
90.18	-0.000013
90.25	-0.000015
90.33	-0.000014
90.42	-0.000012
90.50	-0.000008
90.57	-0.000005
90.66	-0.000008
90.73	-0.000006
90.82	-0.000003
90.89	-0.000003
90.97	-0.000002
91.06	-0.000011
91.13	-0.000008
91.22	-0.000009
91.30	-0.000018
91.37	-0.000015
91.46	-0.000014
91.53	-0.000018
91.61	-0.000015
91.69	-0.000017
91.78	-0.000022
91.86	-0.000008
91.94	-0.000006
92.01	-0.000012
92.09	-0.000014
92.17	-0.000015
92.26	-0.000007
92.33	-0.000007
92.42	-0.000000
92.49	-0.000004
92.58	-0.000003
92.65	-0.000005
92.74	-0.000003
92.81	-0.000007
92.90	-0.000017
92.97	-0.000015
93.06	-0.000018
93.14	-0.000009
93.21	-0.000017
93.30	-0.000004
93.37	-0.000008
93.46	-0.000007
93.53	-0.000008
93.62	-0.000012
93.69	-0.000002
93.78	0.000000
93.86	-0.000021
93.94	-0.000022
94.02	-0.000011
94.09	-0.000006
94.18	-0.000003
94.25	-0.000009
94.34	-0.000009
94.41	-0.000006
94.50	-0.000012
94.58	-0.000014
94.65	-0.000008
94.74	-0.000010
94.81	-0.000016
94.90	-0.000015
94.97	-0.000015
95.06	-0.000022
95.13	-0.000010
95.22	-0.000006
95.29	-0.000019
95.38	-0.000018
95.45	0.000009
95.53	-0.000003
95.61	-0.000012
95.69	-0.000010
95.77	-0.000004
95.85	-0.000011
95.93	-0.000009
96.02	-0.000012
96.09	-0.000006
96.17	-0.000015
96.25	-0.000010
96.34	-0.000009
96.42	-0.000007
96.49	-0.000006
96.58	-0.000010
96.65	0.000007
96.74	-0.000002
96.81	-0.000007
96.90	-0.000002
96.97	-0.000001
97.06	-0.000006
97.13	-0.000003
97.22	-0.000000
97.30	0.000001
97.37	0.000008
97.46	0.000003
97.53	-0.000007
97.62	-0.000013
97.69	-0.000013
97.78	-0.000014
97.86	-0.000011
97.94	-0.000006
98.02	-0.000004
98.10	-0.000001
98.18	-0.000010
98.26	-0.000008
98.34	-0.000006
98.42	-0.000012
98.50	-0.000013
98.58	0.000002
98.66	-0.000004
98.74	-0.000005
98.82	-0.000009
98.90	-0.000013
98.98	-0.000005
99.06	-0.000006
99.14	-0.000000
99.22	-0.000006
99.30	-0.000012
99.38	-0.000008
99.45	-0.000021
99.54	-0.000016
99.61	-0.000011
99.70	-0.000009
99.77	-0.000003
99.86	0.000004
99.93	-0.000004
100.02	-0.000005
100.09	-0.000004
100.18	-0.000013
100.25	-0.000005
100.34	-0.000011
100.42	-0.000022
100.49	-0.000023
100.58	-0.000010
100.65	-0.000008
100.74	-0.000008
100.81	-0.000006
100.89	-0.000005
100.97	-0.000006
101.05	-0.000008
101.14	-0.000003
101.21	-0.000001
101.30	0.000001
101.37	-0.000006
101.46	-0.000014
101.54	-0.000012
101.61	-0.000013
101.70	0.000005
101.77	0.000004
101.85	0.000001
101.94	-0.000003
102.01	-0.000003
102.09	-0.000003
102.18	-0.000008
102.26	-0.000014
102.34	-0.000013
102.42	0.000001
102.50	-0.000001
102.58	-0.000011
102.66	-0.000007
102.74	-0.000002
102.82	-0.000010
102.90	-0.000012
102.98	-0.000011
103.06	-0.000007
103.14	-0.000004
103.22	0.000005
103.30	0.000009
103.38	0.000006
103.46	-0.000003
103.54	0.000001
103.62	-0.000004
103.70	-0.000011
103.78	-0.000008
103.86	-0.000010
103.94	-0.000000
104.02	-0.000004
104.10	-0.000011
104.18	-0.000015
104.26	-0.000009
104.34	-0.000005
104.42	-0.000008
104.50	0.000001
104.57	-0.000010
104.66	-0.000013
104.73	-0.000004
104.82	0.000005
104.89	-0.000002
104.98	-0.000004
105.05	0.000000
105.14	0.000000
105.21	-0.000008
105.30	-0.000003
105.37	-0.000012
105.45	-0.000013
105.54	-0.000003
105.61	-0.000016
105.70	-0.000016
105.78	-0.000017
105.85	-0.000010
105.94	-0.000012
106.01	-0.000007
106.10	0.000000
106.17	-0.000005
106.26	-0.000013
106.33	-0.000014
106.42	-0.000017
106.49	-0.000014
106.58	-0.000010
106.65	-0.000003
106.74	-0.000004
106.81	-0.000004
106.90	-0.000006
106.98	-0.000009
107.05	-0.000013
107.14	-0.000009
107.21	-0.000010
107.30	-0.000010
107.38	-0.000005
107.46	-0.000011
107.54	-0.000006
107.62	-0.000008
107.70	-0.000004
107.78	-0.000014
107.86	-0.000008
107.94	-0.000009
108.02	-0.000014
108.10	-0.000006
108.18	-0.000014
108.26	-0.000012
108.34	-0.000005
108.42	-0.000005
108.50	-0.000007
108.58	-0.000015
108.66	-0.000013
108.74	-0.000007
108.82	-0.000009
108.90	-0.000003
108.98	-0.000002
109.06	-0.000004
109.14	-0.000005
109.22	-0.000005
109.30	-0.000008
109.38	-0.000011
109.46	-0.000010
109.54	-0.000002
109.61	-0.000002
109.70	-0.000001
109.77	0.000007
109.86	0.000004
109.93	0.000008
110.02	0.000004
110.09	0.000005
110.18	0.000009
110.25	0.000012
110.34	0.000006
110.41	0.000007
110.50	0.000009
110.57	0.000026
110.66	0.000026
110.73	0.000012
110.82	0.000022
110.89	0.000013
110.98	0.000018
111.05	0.000020
111.14	0.000027
111.21	0.000029
111.30	0.000029
111.38	0.000026
111.45	0.000024
111.54	0.000024
111.61	0.000026
111.70	0.000028
111.78	0.000039
111.85	0.000033
111.94	0.000025
112.02	0.000034
112.09	0.000035
112.18	0.000037
112.25	0.000050
112.34	0.000048
112.42	0.000038
112.50	0.000039
112.58	0.000043
112.66	0.000035
112.74	0.000024
112.82	0.000042
112.90	0.000052
112.98	0.000049
113.06	0.000047
113.14	0.000041
113.22	0.000040
113.30	0.000041
113.38	0.000051
113.46	0.000044
113.54	0.000047
113.62	0.000041
113.70	0.000042
113.78	0.000046
113.86	0.000034
113.94	0.000039
114.02	0.000035
114.10	0.000033
114.18	0.000032
114.26	0.000028
114.34	0.000045
114.43	0.000034
114.50	0.000034
114.57	0.000034
114.66	0.000036
114.73	0.000033
114.82	0.000040
114.89	0.000036
114.98	0.000032
115.05	0.000034
115.14	0.000028
115.21	0.000024
115.30	0.000019
115.38	0.000015
115.45	0.000018
115.54	0.000012
115.61	0.000015
115.70	0.000015
115.78	0.000012
115.85	0.000007
115.94	0.000003
116.01	-0.000003
116.10	-0.000011
116.17	-0.000008
116.26	-0.000001
116.34	-0.000006
116.41	-0.000007
116.50	-0.000018
116.58	-0.000014
116.65	-0.000017
116.74	-0.000018
116.81	-0.000032
116.90	-0.000030
116.97	-0.000041
117.06	-0.000033
117.14	-0.000024
117.21	-0.000025
117.30	-0.000039
117.38	-0.000041
117.46	-0.000042
117.54	-0.000041
117.62	-0.000037
117.70	-0.000045
117.78	-0.000058
117.86	-0.000056
117.94	-0.000062
118.02	-0.000060
118.10	-0.000055
118.18	-0.000060
118.26	-0.000070
118.34	-0.000068
118.42	-0.000062
118.50	-0.000062
118.58	-0.000071
118.66	-0.000068
118.74	-0.000075
118.82	-0.000082
118.90	-0.000076
118.98	-0.000074
119.06	-0.000075
119.14	-0.000069
119.22	-0.000073
119.30	-0.000088
119.38	-0.000083
119.46	-0.000082
119.54	-0.000085
119.61	-0.000077
119.70	-0.000083
119.77	-0.000089
119.86	-0.000092
119.93	-0.000091
120.02	-0.000095
120.09	-0.000096
120.18	-0.000095
120.25	-0.000088
120.34	-0.000095
120.41	-0.000095
120.50	-0.000091
120.57	-0.000081
120.66	-0.000092
120.74	-0.000093
120.82	-0.000089
120.89	-0.000097
120.97	-0.000097
121.05	-0.000094
121.14	-0.000089
121.21	-0.000090
121.30	-0.000089
121.38	-0.000095
121.46	-0.000095
121.54	-0.000092
121.62	-0.000090
121.69	-0.000104
121.78	-0.000095
121.86	-0.000088
121.94	-0.000084
122.02	-0.000082
122.09	-0.000088
122.18	-0.000085
122.26	-0.000081
122.34	-0.000085
122.43	-0.000089
122.50	-0.000090
122.58	-0.000093
122.66	-0.000102
122.74	-0.000105
122.82	-0.000114
122.91	-0.000110
122.97	-0.000110
123.06	-0.000108
123.15	-0.000114
123.22	-0.000113
123.30	-0.000114
123.38	-0.000121
123.46	-0.000119
123.54	-0.000141
123.62	-0.000144
123.70	-0.000138
123.78	-0.000138
123.86	-0.000138
123.94	-0.000130
124.02	-0.000139
124.10	-0.000133
124.18	-0.000136
124.25	-0.000139
124.33	-0.000139
124.41	-0.000141
124.49	-0.000154
124.57	-0.000153
124.64	-0.000148
124.72	-0.000144
124.81	-0.000157
124.88	-0.000158
124.97	-0.000157
125.04	-0.000160
125.13	-0.000155
125.21	-0.000165
125.29	-0.000161
125.36	-0.000166
125.45	-0.000156
125.52	-0.000170
125.61	-0.000180
125.68	-0.000177
125.77	-0.000172
125.84	-0.000166
125.93	-0.000155
126.00	-0.000163
126.09	-0.000160
126.17	-0.000159
126.24	-0.000162
126.33	-0.000158
126.40	-0.000155
126.49	-0.000163
126.56	-0.000163
126.65	-0.000158
126.72	-0.000154
126.81	-0.000150
126.89	-0.000156
126.97	-0.000151
127.04	-0.000145
127.13	-0.000142
127.21	-0.000146
127.29	-0.000143
127.37	-0.000139
127.45	-0.000139
127.53	-0.000130
127.61	-0.000131
127.69	-0.000131
127.77	-0.000119
127.85	-0.000114
127.94	-0.000105
128.01	-0.000113
128.09	-0.000108
128.17	-0.000110
128.25	-0.000114
128.33	-0.000105
128.41	-0.000108
128.49	-0.000098
128.57	-0.000102
128.65	-0.000094
128.72	-0.000089
128.81	-0.000081
128.88	-0.000075
128.97	-0.000084
129.04	-0.000069
129.13	-0.000065
129.20	-0.000065
129.29	-0.000064
129.36	-0.000060
129.45	-0.000066
129.52	-0.000065
129.61	-0.000049
129.68	-0.000048
129.77	-0.000039
129.84	-0.000036
129.93	-0.000032
130.00	-0.000020
130.09	-0.000014
130.16	-0.000012
130.25	-0.000010
130.32	-0.000012
130.41	-0.000014
130.48	-0.000008
130.56	-0.000011
130.64	-0.000006
130.72	0.000001
130.80	0.000010
130.88	0.000002
130.97	0.000021
131.04	0.000018
131.12	0.000028
131.20	0.000034
131.29	0.000029
131.36	0.000037
131.44	0.000029
131.52	0.000030
131.60	0.000034
131.69	0.000039
131.76	0.000033
131.85	0.000049
131.92	0.000047
132.01	0.000044
132.08	0.000039
132.17	0.000049
132.24	0.000062
132.33	0.000057
132.40	0.000068
132.48	0.000058
132.57	0.000063
132.64	0.000066
132.73	0.000066
132.80	0.000069
132.89	0.000075
132.96	0.000069
133.05	0.000077
133.12	0.000077
133.21	0.000085
133.28	0.000094
133.37	0.000084
133.45	0.000082
133.52	0.000092
133.61	0.000092
133.68	0.000092
133.77	0.000096
133.84	0.000088
133.93	0.000079
134.01	0.000089
134.08	0.000104
134.17	0.000090
134.24	0.000098
134.33	0.000097
134.40	0.000100
134.49	0.000106
134.56	0.000096
134.65	0.000107
134.72	0.000103
134.81	0.000111
134.88	0.000111
134.97	0.000108
135.04	0.000101
135.12	0.000109
135.20	0.000106
135.28	0.000113
135.36	0.000107
135.44	0.000106
135.52	0.000115
135.60	0.000124
135.68	0.000129
135.76	0.000121
135.84	0.000130
135.92	0.000134
136.00	0.000127
136.08	0.000125
136.16	0.000135
136.24	0.000133
136.32	0.000136
136.40	0.000138
136.48	0.000137
136.56	0.000137
136.64	0.000124
136.72	0.000134
136.80	0.000134
136.88	0.000135
136.96	0.000135
137.04	0.000149
137.12	0.000143
137.21	0.000140
137.29	0.000127
137.36	0.000149
137.45	0.000150
137.52	0.000145
137.61	0.000144
137.68	0.000149
137.77	0.000143
137.84	0.000140
137.93	0.000133
138.00	0.000135
138.09	0.000141
138.16	0.000136
138.25	0.000135
138.32	0.000136
138.41	0.000131
138.48	0.000138
138.57	0.000137
138.64	0.000144
138.73	0.000139
138.81	0.000131
138.88	0.000135
138.97	0.000136
139.04	0.000147
139.13	0.000147
139.20	0.000137
139.29	0.000141
139.36	0.000145
139.44	0.000141
139.53	0.000145
139.60	0.000147
139.69	0.000142
139.76	0.000140
139.84	0.000136
139.92	0.000141
140.00	0.000133
140.08	0.000143
140.16	0.000144
140.24	0.000143
140.32	0.000146
140.40	0.000143
140.48	0.000141
140.56	0.000157
140.64	0.000143
140.72	0.000143
140.80	0.000146
140.88	0.000150
140.96	0.000142
141.04	0.000144
141.12	0.000149
141.20	0.000155
141.28	0.000152
141.36	0.000156
141.44	0.000155
141.52	0.000152
141.60	0.000154
141.68	0.000156
141.76	0.000156
141.84	0.000157
141.92	0.000156
142.00	0.000156
142.08	0.000148
142.16	0.000160
142.24	0.000161
142.32	0.000153
142.41	0.000156
142.48	0.000159
142.57	0.000161
142.64	0.000154
142.73	0.000154
142.80	0.000153
142.89	0.000151
142.97	0.000148
143.04	0.000149
143.13	0.000141
143.20	0.000136
143.28	0.000144
143.37	0.000150
143.44	0.000149
143.53	0.000146
143.61	0.000153
143.68	0.000155
143.77	0.000154
143.84	0.000155
143.93	0.000154
144.00	0.000148
144.09	0.000147
144.16	0.000151
144.24	0.000156
144.32	0.000156
144.40	0.000159
144.49	0.000159
144.56	0.000161
144.64	0.000151
144.72	0.000147
144.80	0.000147
144.88	0.000155
144.96	0.000151
145.04	0.000162
145.12	0.000162
145.20	0.000153
145.28	0.000146
145.36	0.000145
145.44	0.000151
145.53	0.000148
145.60	0.000142
145.68	0.000150
145.76	0.000155
145.84	0.000155
145.92	0.000150
146.01	0.000164
146.08	0.000156
146.16	0.000152
146.24	0.000168
146.32	0.000160
146.40	0.000164
146.48	0.000158
146.56	0.000164
146.64	0.000152
146.72	0.000147
146.80	0.000159
146.88	0.000151
146.96	0.000155
147.04	0.000154
147.12	0.000153
147.21	0.000165
147.29	0.000164
147.36	0.000165
147.44	0.000159
147.52	0.000165
147.61	0.000156
147.68	0.000159
147.77	0.000157
147.84	0.000161
147.93	0.000153
148.00	0.000152
148.09	0.000167
148.16	0.000160
148.25	0.000150
148.33	0.000150
148.40	0.000146
148.49	0.000152
148.56	0.000158
148.65	0.000156
148.72	0.000154
148.81	0.000160
148.88	0.000160
148.97	0.000169
149.04	0.000166
149.13	0.000157
149.20	0.000152
149.29	0.000153
149.36	0.000158
149.44	0.000160
149.52	0.000157
149.60	0.000146
149.68	0.000150
149.76	0.000161
149.84	0.000165
149.92	0.000162
150.00	0.000177
150.08	0.000166
150.16	0.000162
150.25	0.000160
150.32	0.000159
150.41	0.000149
150.49	0.000157
150.57	0.000152
150.64	0.000154
150.73	0.000159
150.80	0.000153
150.89	0.000150
150.96	0.000159
151.05	0.000166
151.12	0.000148
151.21	0.000151
151.28	0.000153
151.37	0.000153
151.45	0.000154
151.52	0.000161
151.61	0.000157
151.69	0.000162
151.77	0.000162
151.85	0.000157
151.93	0.000158
152.01	0.000148
152.09	0.000150
152.17	0.000159
152.25	0.000165
152.33	0.000160
152.41	0.000163
152.49	0.000155
152.57	0.000155
152.65	0.000153
152.73	0.000157
152.81	0.000164
152.89	0.000158
152.97	0.000162
153.05	0.000152
153.13	0.000160
153.21	0.000162
153.29	0.000149
153.37	0.000153
153.45	0.000155
153.53	0.000155
153.61	0.000151
153.69	0.000152
153.77	0.000163
153.85	0.000160
153.93	0.000159
154.00	0.000161
154.09	0.000154
154.17	0.000147
154.24	0.000152
154.33	0.000159
154.40	0.000160
154.48	0.000155
154.57	0.000159
154.64	0.000168
154.73	0.000167
154.80	0.000165
154.89	0.000159
154.96	0.000161
155.04	0.000160
155.13	0.000141
155.20	0.000150
155.29	0.000159
155.36	0.000147
155.45	0.000169
155.52	0.000160
155.61	0.000160
155.69	0.000164
155.77	0.000162
155.85	0.000160
155.94	0.000163
156.01	0.000154
156.09	0.000163
156.17	0.000171
156.25	0.000170
156.33	0.000173
156.41	0.000172
156.49	0.000176
156.57	0.000169
156.65	0.000159
156.73	0.000165
156.81	0.000165
156.89	0.000170
156.97	0.000159
157.05	0.000163
157.14	0.000169
157.21	0.000166
157.29	0.000172
157.37	0.000165
157.45	0.000165
157.53	0.000164
157.61	0.000166
157.69	0.000165
157.77	0.000162
157.85	0.000157
157.93	0.000162
158.00	0.000160
158.09	0.000158
158.16	0.000158
158.25	0.000160
158.32	0.000173
158.41	0.000165
158.48	0.000154
158.57	0.000170
158.64	0.000172
158.73	0.000172
158.80	0.000164
158.89	0.000160
158.96	0.000163
159.05	0.000167
159.12	0.000168
159.21	0.000174
159.29	0.000169
159.36	0.000172
159.44	0.000171
159.52	0.000164
159.60	0.000169
159.68	0.000169
159.76	0.000168
159.84	0.000163
159.92	0.000171
160.00	0.000163
160.08	0.000162
160.17	0.000160
160.25	0.000179
160.33	0.000165
160.41	0.000166
160.49	0.000170
160.57	0.000171
160.65	0.000158
160.73	0.000164
160.81	0.000160
160.89	0.000162
160.97	0.000166
161.05	0.000169
161.13	0.000166
161.21	0.000167
161.29	0.000170
161.37	0.000164
161.45	0.000154
161.53	0.000156
161.61	0.000163
161.69	0.000161
161.77	0.000170
161.85	0.000161
161.93	0.000168
162.01	0.000162
162.09	0.000162
162.17	0.000165
162.25	0.000171
162.33	0.000168
162.41	0.000166
162.49	0.000168
162.57	0.000162
162.65	0.000165
162.73	0.000161
162.81	0.000162
162.89	0.000153
162.97	0.000159
163.05	0.000155
163.13	0.000158
163.21	0.000157
163.29	0.000165
163.37	0.000166
163.45	0.000166
163.53	0.000174
163.61	0.000162
163.69	0.000156
163.77	0.000165
163.85	0.000169
163.93	0.000167
164.01	0.000170
164.08	0.000172
164.17	0.000175
164.24	0.000167
164.33	0.000167
164.41	0.000159
164.48	0.000165
164.57	0.000163
164.64	0.000156
164.73	0.000166
164.80	0.000165
164.89	0.000173
164.96	0.000166
165.05	0.000170
165.12	0.000163
165.21	0.000167
165.28	0.000166
165.37	0.000164
165.44	0.000164
165.53	0.000164
165.60	0.000168
165.69	0.000169
165.76	0.000163
165.85	0.000155
165.93	0.000162
166.01	0.000151
166.09	0.000165
166.17	0.000161
166.25	0.000164
166.33	0.000160
166.41	0.000157
166.49	0.000165
166.57	0.000171
166.65	0.000169
166.73	0.000163
166.81	0.000174
166.89	0.000176
166.97	0.000172
167.05	0.000171
167.13	0.000158
167.21	0.000164
167.29	0.000160
167.37	0.000160
167.45	0.000164
167.53	0.000163
167.61	0.000164
167.69	0.000146
167.77	0.000155
167.85	0.000171
167.93	0.000163
168.01	0.000167
168.09	0.000166
168.17	0.000158
168.25	0.000174
168.33	0.000163
168.41	0.000169
168.49	0.000165
168.57	0.000169
168.65	0.000162
168.73	0.000166
168.80	0.000164
168.89	0.000167
168.96	0.000167
169.05	0.000176
169.12	0.000167
169.21	0.000173
169.28	0.000170
169.37	0.000157
169.44	0.000169
169.52	0.000167
169.61	0.000169
169.68	0.000156
169.77	0.000160
169.85	0.000167
169.92	0.000158
170.01	0.000165
170.08	0.000161
170.17	0.000164
170.24	0.000168
170.32	0.000172
170.40	0.000167
170.49	0.000166
170.56	0.000168
170.64	0.000164
170.72	0.000161
170.81	0.000167
170.88	0.000172
170.97	0.000167
171.04	0.000166
171.13	0.000171
171.21	0.000166
171.29	0.000173
171.37	0.000163
171.45	0.000168
171.53	0.000163
171.61	0.000157
171.69	0.000153
171.77	0.000152
171.85	0.000161
171.93	0.000156
172.01	0.000165
172.09	0.000164
172.18	0.000163
172.25	0.000162
172.33	0.000162
172.41	0.000154
172.49	0.000158
172.57	0.000156
172.65	0.000154
172.73	0.000168
172.81	0.000167
172.89	0.000155
172.97	0.000156
173.05	0.000174
173.13	0.000170
173.21	0.000167
173.29	0.000175
173.37	0.000167
173.45	0.000159
173.53	0.000159
173.60	0.000157
173.69	0.000161
173.76	0.000161
173.85	0.000168
173.92	0.000165
174.00	0.000165
174.09	0.000155
174.16	0.000155
174.25	0.000160
174.32	0.000170
174.41	0.000169
174.48	0.000169
174.57	0.000172
174.64	0.000172
174.73	0.000168
174.80	0.000174
174.89	0.000163
174.96	0.000175
175.05	0.000159
175.12	0.000157
175.21	0.000154
175.28	0.000154
175.37	0.000162
175.44	0.000163
175.53	0.000157
175.60	0.000162
175.69	0.000163
175.76	0.000164
175.85	0.000165
175.92	0.000167
176.01	0.000159
176.09	0.000166
176.16	0.000166
176.25	0.000160
176.32	0.000172
176.41	0.000167
176.49	0.000172
176.57	0.000160
176.65	0.000165
176.73	0.000158
176.81	0.000168
176.89	0.000168
176.97	0.000160
177.05	0.000168
177.13	0.000161
177.21	0.000162
177.29	0.000160
177.37	0.000166
177.45	0.000161
177.53	0.000154
177.61	0.000153
177.69	0.000149
177.77	0.000159
177.85	0.000151
177.93	0.000154
178.01	0.000158
178.09	0.000158
178.17	0.000152
178.25	0.000157
178.32	0.000155
178.41	0.000155
178.50	0.000162
178.57	0.000168
178.64	0.000163
178.73	0.000164
178.81	0.000166
178.88	0.000156
178.97	0.000164
179.04	0.000157
179.13	0.000160
179.20	0.000166
179.29	0.000157
179.36	0.000162
179.44	0.000165
179.53	0.000168
179.60	0.000166
179.69	0.000163
179.76	0.000154
179.85	0.000162
179.92	0.000156
180.01	0.000159
180.09	0.000155
180.16	0.000163
180.25	0.000158
180.32	0.000157
180.41	0.000151
180.48	0.000152
180.57	0.000163
180.64	0.000159
180.72	0.000169
180.81	0.000168
180.89	0.000174
180.96	0.000162
181.05	0.000161
181.12	0.000153
181.20	0.000167
181.29	0.000163
181.37	0.000159
181.45	0.000158
181.53	0.000169
181.61	0.000166
181.69	0.000167
181.77	0.000171
181.85	0.000166
181.93	0.000153
182.01	0.000158
182.09	0.000156
182.16	0.000166
182.25	0.000160
182.32	0.000166
182.41	0.000164
182.48	0.000162
182.57	0.000168
182.64	0.000162
182.73	0.000157
182.80	0.000164
182.89	0.000160
182.96	0.000159
183.04	0.000167
183.13	0.000172
183.20	0.000169
183.29	0.000167
183.36	0.000164
183.45	0.000163
183.52	0.000168
183.60	0.000157
183.68	0.000165
183.76	0.000160
183.84	0.000156
183.92	0.000150
184.00	0.000156
184.08	0.000153
184.16	0.000158
184.24	0.000160
184.32	0.000162
184.40	0.000152
184.48	0.000153
184.56	0.000149
184.64	0.000151
184.72	0.000161
184.80	0.000158
184.88	0.000155
184.96	0.000159
185.04	0.000150
185.12	0.000164
185.20	0.000162
185.28	0.000163
185.36	0.000148
185.44	0.000162
185.52	0.000158
185.60	0.000162
185.68	0.000156
185.76	0.000160
185.84	0.000157
185.92	0.000144
186.01	0.000151
186.08	0.000147
186.16	0.000157
186.24	0.000144
186.32	0.000154
186.40	0.000156
186.49	0.000154
186.56	0.000160
186.64	0.000163
186.73	0.000160
186.80	0.000157
186.89	0.000164
186.96	0.000160
187.05	0.000165
187.13	0.000156
187.20	0.000157
187.29	0.000153
187.36	0.000149
187.44	0.000152
187.52	0.000153
187.60	0.000160
187.68	0.000163
187.76	0.000163
187.84	0.000164
187.92	0.000158
188.00	0.000158
188.08	0.000166
188.16	0.000159
188.24	0.000155
188.32	0.000165
188.40	0.000159
188.48	0.000152
188.56	0.000150
188.64	0.000151
188.73	0.000153
188.80	0.000150
188.88	0.000149
188.96	0.000154
189.04	0.000167
189.12	0.000153
189.20	0.000159
189.28	0.000156
189.36	0.000156
189.43	0.000155
189.51	0.000156
189.60	0.000158
189.68	0.000151
189.75	0.000160
189.84	0.000157
189.91	0.000156
190.00	0.000158
190.07	0.000169
190.16	0.000160
190.24	0.000161
190.32	0.000153
190.40	0.000154
190.47	0.000156
190.56	0.000148
190.63	0.000148
190.72	0.000144
190.80	0.000144
190.88	0.000146
190.96	0.000147
191.04	0.000143
191.12	0.000148
191.20	0.000152
191.28	0.000163
191.36	0.000156
191.44	0.000167
191.52	0.000163
191.60	0.000153
191.68	0.000158
191.76	0.000148
191.84	0.000139
191.92	0.000138
192.00	0.000146
192.08	0.000134
192.16	0.000147
192.24	0.000153
192.32	0.000147
192.40	0.000134
192.48	0.000144
192.56	0.000148
192.64	0.000153
192.72	0.000140
192.80	0.000135
192.88	0.000142
192.96	0.000140
193.04	0.000142
193.12	0.000132
193.20	0.000145
193.28	0.000145
193.36	0.000148
193.44	0.000149
193.52	0.000142
193.60	0.000138
193.68	0.000145
193.76	0.000148
193.85	0.000157
193.91	0.000157
194.00	0.000150
194.07	0.000152
194.15	0.000154
194.24	0.000149
194.31	0.000158
194.40	0.000147
194.47	0.000148
194.56	0.000156
194.63	0.000152
194.72	0.000148
194.80	0.000150
194.87	0.000141
194.96	0.000143
195.03	0.000143
195.12	0.000151
195.19	0.000143
195.28	0.000138
195.35	0.000142
195.44	0.000150
195.51	0.000143
195.60	0.000147
195.68	0.000155
195.75	0.000151
195.84	0.000150
195.91	0.000153
196.00	0.000157
196.07	0.000152
196.16	0.000161
196.24	0.000145
196.32	0.000145
196.40	0.000150
196.49	0.000147
196.56	0.000152
196.64	0.000154
196.72	0.000156
196.80	0.000162
196.88	0.000157
196.97	0.000155
197.04	0.000150
197.13	0.000145
197.20	0.000157
197.29	0.000151
197.36	0.000152
197.44	0.000153
197.52	0.000153
197.60	0.000150
197.68	0.000156
197.76	0.000151
197.84	0.000151
197.93	0.000155
198.00	0.000149
198.09	0.000156
198.16	0.000143
198.25	0.000146
198.33	0.000144
198.41	0.000148
198.48	0.000147
198.57	0.000147
198.64	0.000150
198.72	0.000150
198.80	0.000154
198.88	0.000160
198.96	0.000151
199.04	0.000156
199.12	0.000165
199.20	0.000170
199.28	0.000161
199.36	0.000154
199.44	0.000163
199.52	0.000163
199.60	0.000152
199.68	0.000154
199.76	0.000146
199.84	0.000153
199.92	0.000159
200.00	0.000147
200.08	0.000145
200.16	0.000143
200.24	0.000154
200.32	0.000151
200.40	0.000153
200.48	0.000156
200.56	0.000159
200.64	0.000156
200.72	0.000150
200.80	0.000158
200.88	0.000157
200.96	0.000153
201.04	0.000160
201.12	0.000160
201.21	0.000157
201.28	0.000164
201.36	0.000164
201.45	0.000161
201.52	0.000175
201.61	0.000166
201.68	0.000149
201.77	0.000161
201.84	0.000163
201.93	0.000157
202.00	0.000161
202.09	0.000161
202.17	0.000157
202.25	0.000165
202.32	0.000165
202.41	0.000167
202.48	0.000167
202.57	0.000163
202.64	0.000156
202.73	0.000162
202.80	0.000163
202.88	0.000166
202.97	0.000163
203.04	0.000159
203.13	0.000163
203.21	0.000163
203.28	0.000164
203.37	0.000166
203.44	0.000157
203.53	0.000158
203.60	0.000154
203.68	0.000157
203.77	0.000163
203.84	0.000157
203.92	0.000158
204.00	0.000167
204.08	0.000165
204.16	0.000153
204.24	0.000164
204.33	0.000160
204.40	0.000157
204.49	0.000155
204.56	0.000159
204.65	0.000159
204.73	0.000160
204.80	0.000155
204.89	0.000154
204.97	0.000164
205.05	0.000160
205.12	0.000162
205.21	0.000164
205.28	0.000172
205.37	0.000164
205.44	0.000162
205.53	0.000166
205.60	0.000161
205.69	0.000173
205.76	0.000162
205.85	0.000169
205.93	0.000166
206.01	0.000166
206.09	0.000171
206.17	0.000166
206.25	0.000163
206.33	0.000167
206.41	0.000171
206.49	0.000173
206.57	0.000172
206.65	0.000170
206.73	0.000171
206.81	0.000181
206.89	0.000173
206.97	0.000171
207.05	0.000165
207.13	0.000174
207.21	0.000163
207.29	0.000162
207.37	0.000153
207.45	0.000166
207.53	0.000164
207.61	0.000173
207.69	0.000175
207.76	0.000167
207.85	0.000180
207.93	0.000173
208.01	0.000166
208.08	0.000157
208.17	0.000164
208.25	0.000163
208.32	0.000167
208.41	0.000174
208.48	0.000167
208.57	0.000163
208.64	0.000176
208.73	0.000174
208.80	0.000165
208.89	0.000167
208.96	0.000171
209.05	0.000163
209.12	0.000167
209.20	0.000178
209.29	0.000175
209.37	0.000172
209.44	0.000166
209.52	0.000178
209.61	0.000181
209.69	0.000177
209.76	0.000172
209.85	0.000176
209.93	0.000180
210.01	0.000178
210.09	0.000180
210.17	0.000168
210.25	0.000177
210.33	0.000183
210.41	0.000173
210.49	0.000189
210.57	0.000191
210.65	0.000184
210.73	0.000176
210.81	0.000171
210.89	0.000172
210.97	0.000177
211.05	0.000175
211.13	0.000183
211.21	0.000176
211.29	0.000175
211.38	0.000176
211.45	0.000164
211.54	0.000179
211.61	0.000178
211.69	0.000181
211.77	0.000184
211.85	0.000180
211.93	0.000180
212.01	0.000176
212.09	0.000189
212.17	0.000187
212.25	0.000187
212.33	0.000173
212.41	0.000164
212.49	0.000166
212.57	0.000170
212.65	0.000168
212.73	0.000179
212.81	0.000172
212.89	0.000171
212.97	0.000178
213.05	0.000181
213.13	0.000174
213.21	0.000170
213.29	0.000170
213.37	0.000170
213.45	0.000170
213.53	0.000168
213.61	0.000172
213.69	0.000160
213.77	0.000163
213.84	0.000171
213.93	0.000175
214.00	0.000171
214.09	0.000178
214.16	0.000183
214.25	0.000181
214.32	0.000181
214.41	0.000183
214.49	0.000182
214.57	0.000185
214.65	0.000181
214.73	0.000174
214.81	0.000174
214.90	0.000189
214.97	0.000182
215.05	0.000180
215.13	0.000172
215.21	0.000170
215.29	0.000171
215.38	0.000173
215.45	0.000171
215.53	0.000180
215.61	0.000173
215.69	0.000180
215.77	0.000172
215.85	0.000178
215.93	0.000178
216.01	0.000178
216.09	0.000176
216.17	0.000178
216.25	0.000173
216.33	0.000178
216.41	0.000180
216.49	0.000181
216.57	0.000181
216.65	0.000178
216.73	0.000169
216.81	0.000178
216.89	0.000165
216.97	0.000171
217.05	0.000172
217.13	0.000174
217.21	0.000174
217.29	0.000172
217.36	0.000166
217.45	0.000170
217.52	0.000172
217.60	0.000183
217.69	0.000174
217.76	0.000170
217.85	0.000175
217.92	0.000167
218.01	0.000171
218.08	0.000155
218.17	0.000158
218.25	0.000166
218.32	0.000172
218.41	0.000172
218.48	0.000167
218.57	0.000171
218.64	0.000173
218.72	0.000189
218.80	0.000173
218.88	0.000178
218.96	0.000183
219.04	0.000168
219.12	0.000172
219.21	0.000184
219.28	0.000178
219.37	0.000175
219.44	0.000180
219.53	0.000171
219.60	0.000163
219.69	0.000176
219.77	0.000173
219.85	0.000172
219.92	0.000170
220.01	0.000171
220.09	0.000163
220.16	0.000171
220.25	0.000169
220.33	0.000171
220.40	0.000173
220.49	0.000172
220.56	0.000184
220.65	0.000178
220.72	0.000187
220.81	0.000190
220.88	0.000185
220.97	0.000184
221.05	0.000178
221.13	0.000167
221.22	0.000174
221.29	0.000165
221.36	0.000171
221.45	0.000168
221.52	0.000169
221.61	0.000160
221.68	0.000164
221.77	0.000156
221.85	0.000166
221.92	0.000179
222.01	0.000176
222.08	0.000168
222.17	0.000167
222.24	0.000170
222.33	0.000172
222.40	0.000179
222.49	0.000165
222.57	0.000163
222.64	0.000160
222.72	0.000158
222.81	0.000162
222.88	0.000177
222.97	0.000173
223.04	0.000166
223.13	0.000169
223.20	0.000162
223.28	0.000160
223.36	0.000153
223.44	0.000158
223.52	0.000173
223.60	0.000156
223.68	0.000159
223.76	0.000170
223.84	0.000175
223.92	0.000164
224.00	0.000166
224.08	0.000167
224.17	0.000164
224.24	0.000175
224.32	0.000169
224.40	0.000163
224.48	0.000166
224.57	0.000162
224.64	0.000167
224.72	0.000154
224.80	0.000168
224.88	0.000166
224.96	0.000166
225.05	0.000165
225.12	0.000172
225.21	0.000181
225.28	0.000171
225.37	0.000169
225.45	0.000170
225.52	0.000166
225.61	0.000170
225.68	0.000175
225.77	0.000166
225.85	0.000170
225.92	0.000163
226.01	0.000170
226.08	0.000163
226.17	0.000159
226.24	0.000166
226.33	0.000171
226.40	0.000169
226.49	0.000167
226.56	0.000165
226.65	0.000168
226.72	0.000170
226.81	0.000178
226.88	0.000172
226.97	0.000166
227.04	0.000152
227.13	0.000159
227.20	0.000156
227.28	0.000158
227.37	0.000159
227.44	0.000162
227.53	0.000163
227.60	0.000169
227.68	0.000159
227.76	0.000164
227.84	0.000164
227.92	0.000163
228.00	0.000160
228.08	0.000169
228.16	0.000163
228.24	0.000167
228.32	0.000167
228.40	0.000173
228.48	0.000156
228.57	0.000165
228.64	0.000167
228.72	0.000160
228.80	0.000163
228.88	0.000163
228.96	0.000161
229.04	0.000162
229.12	0.000147
229.20	0.000164
229.28	0.000166
229.36	0.000160
229.44	0.000164
229.52	0.000165
229.60	0.000159
229.68	0.000165
229.76	0.000152
229.84	0.000161
229.92	0.000165
230.01	0.000166
230.08	0.000163
230.16	0.000177
230.25	0.000170
230.32	0.000163
230.41	0.000153
230.48	0.000155
230.57	0.000159
230.64	0.000156
230.73	0.000158
230.80	0.000164
230.89	0.000159
230.96	0.000149
231.05	0.000155
231.12	0.000158
231.21	0.000157
231.28	0.000156
231.37	0.000161
231.44	0.000167
231.53	0.000164
231.60	0.000161
231.69	0.000161
231.77	0.000169
231.84	0.000168
231.93	0.000167
232.00	0.000164
232.09	0.000163
232.16	0.000157
232.25	0.000155
232.32	0.000156
232.41	0.000162
232.48	0.000164
232.57	0.000164
232.64	0.000166
232.72	0.000163
232.80	0.000166
232.88	0.000164
232.97	0.000159
233.04	0.000156
233.12	0.000154
233.20	0.000148
233.29	0.000150
233.36	0.000148
233.44	0.000146
233.52	0.000142
233.60	0.000153
233.68	0.000160
233.76	0.000166
233.85	0.000165
233.92	0.000162
234.00	0.000156
234.08	0.000163
234.17	0.000165
234.24	0.000161
234.33	0.000169
234.40	0.000158
234.49	0.000167
234.56	0.000154
234.64	0.000153
234.73	0.000153
234.81	0.000157
234.88	0.000164
234.97	0.000156
235.04	0.000152
235.13	0.000162
235.21	0.000154
235.29	0.000152
235.37	0.000148
235.44	0.000152
235.53	0.000154
235.61	0.000155
235.69	0.000159
235.77	0.000165
235.85	0.000152
235.93	0.000161
236.01	0.000157
236.09	0.000156
236.17	0.000157
236.25	0.000159
236.33	0.000169
236.41	0.000165
236.49	0.000154
236.57	0.000152
236.65	0.000158
236.73	0.000154
236.81	0.000147
236.89	0.000152
236.97	0.000155
237.05	0.000140
237.13	0.000141
237.21	0.000143
237.29	0.000153
237.37	0.000153
237.46	0.000153
237.53	0.000159
237.60	0.000152
237.69	0.000158
237.76	0.000156
237.85	0.000148
237.92	0.000147
238.01	0.000151
238.09	0.000151
238.16	0.000148
238.25	0.000150
238.32	0.000151
238.41	0.000137
238.48	0.000146
238.57	0.000154
238.64	0.000161
238.73	0.000157
238.80	0.000156
238.88	0.000155
238.96	0.000162
239.04	0.000155
239.13	0.000156
239.20	0.000160
239.28	0.000154
239.37	0.000158
239.44	0.000157
239.53	0.000151
239.60	0.000152
239.69	0.000150
239.76	0.000156
239.85	0.000146
239.92	0.000150
240.01	0.000159
240.08	0.000153
240.16	0.000159
240.25	0.000154
240.32	0.000156
240.41	0.000150
240.49	0.000149
240.57	0.000150
240.65	0.000152
240.73	0.000146
240.81	0.000151
240.89	0.000153
240.97	0.000156
241.05	0.000160
241.13	0.000148
241.21	0.000149
241.29	0.000150
241.36	0.000145
241.45	0.000143
241.52	0.000147
241.61	0.000143
241.69	0.000156
241.76	0.000151
241.85	0.000148
241.92	0.000148
242.00	0.000147
242.09	0.000143
242.16	0.000143
242.25	0.000146
242.32	0.000134
242.41	0.000132
242.48	0.000142
242.56	0.000147
242.65	0.000145
242.72	0.000150
242.81	0.000150
242.88	0.000152
242.96	0.000145
243.04	0.000152
243.12	0.000155
243.20	0.000152
243.28	0.000147
243.36	0.000139
243.44	0.000141
243.52	0.000152
243.60	0.000154
243.68	0.000146
243.76	0.000139
243.84	0.000145
243.92	0.000153
244.00	0.000152
244.08	0.000154
244.16	0.000141
244.23	0.000149
244.31	0.000141
244.39	0.000142
244.47	0.000141
244.55	0.000144
244.63	0.000146
244.71	0.000148
244.79	0.000147
244.87	0.000139
244.95	0.000139
245.04	0.000140
245.11	0.000150
245.19	0.000149
245.27	0.000151
245.36	0.000153
245.43	0.000154
245.52	0.000143
245.60	0.000140
245.67	0.000138
245.76	0.000136
245.83	0.000138
245.92	0.000148
245.99	0.000141
246.08	0.000142
246.15	0.000151
246.24	0.000139
246.31	0.000142
246.40	0.000147
246.47	0.000148
246.56	0.000148
246.63	0.000132
246.71	0.000132
246.79	0.000133
246.87	0.000142
246.95	0.000128
247.03	0.000130
247.11	0.000134
247.19	0.000133
247.27	0.000132
247.35	0.000133
247.43	0.000124
247.51	0.000127
247.59	0.000121
247.67	0.000124
247.75	0.000131
247.83	0.000137
247.91	0.000137
247.99	0.000142
248.07	0.000147
248.15	0.000147
248.22	0.000137
248.31	0.000133
248.38	0.000137
248.47	0.000141
248.54	0.000136
248.63	0.000125
248.70	0.000125
248.79	0.000132
248.86	0.000138
248.94	0.000150
249.03	0.000152
249.10	0.000143
249.19	0.000146
249.27	0.000139
249.35	0.000140
249.43	0.000127
249.51	0.000130
249.59	0.000129
249.67	0.000139
249.75	0.000139
249.83	0.000135
249.91	0.000137
249.99	0.000128
250.07	0.000125
250.15	0.000130
250.23	0.000133
250.31	0.000143
250.39	0.000147
250.47	0.000147
250.55	0.000141
250.63	0.000136
250.71	0.000145
250.79	0.000145
250.87	0.000136
250.95	0.000139
251.03	0.000133
251.11	0.000141
251.19	0.000154
251.27	0.000142
251.35	0.000133
251.43	0.000127
251.51	0.000129
251.60	0.000135
251.67	0.000137
251.75	0.000124
251.83	0.000127
251.91	0.000138
251.99	0.000126
252.07	0.000132
252.15	0.000132
252.23	0.000131
252.31	0.000143
252.39	0.000139
252.47	0.000142
252.55	0.000138
252.63	0.000139
252.71	0.000144
252.79	0.000140
252.87	0.000143
252.94	0.000137
253.03	0.000140
253.10	0.000144
253.19	0.000135
253.26	0.000134
253.34	0.000139
253.42	0.000142
253.51	0.000135
253.58	0.000131
253.67	0.000124
253.74	0.000134
253.83	0.000129
253.90	0.000127
253.99	0.000128
254.06	0.000128
254.15	0.000131
254.22	0.000126
254.30	0.000126
254.39	0.000133
254.46	0.000137
254.55	0.000132
254.62	0.000133
254.71	0.000133
254.78	0.000129
254.87	0.000132
254.94	0.000130
255.03	0.000132
255.10	0.000144
255.19	0.000148
255.27	0.000134
255.35	0.000129
255.43	0.000138
255.51	0.000133
255.59	0.000134
255.67	0.000132
255.75	0.000136
255.83	0.000132
255.91	0.000130
255.99	0.000135
256.07	0.000132
256.15	0.000137
256.23	0.000135
256.31	0.000138
256.39	0.000134
256.47	0.000134
256.55	0.000137
256.63	0.000145
256.71	0.000139
256.79	0.000143
256.87	0.000141
256.95	0.000131
257.03	0.000138
257.11	0.000138
257.19	0.000137
257.27	0.000136
257.35	0.000137
257.43	0.000127
257.51	0.000133
257.59	0.000120
257.67	0.000133
257.74	0.000142
257.83	0.000138
257.91	0.000126
257.99	0.000118
258.07	0.000130
258.14	0.000132
258.23	0.000134
258.31	0.000144
258.39	0.000145
258.47	0.000143
258.55	0.000139
258.63	0.000144
258.71	0.000136
258.79	0.000137
258.87	0.000138
258.95	0.000132
259.03	0.000134
259.11	0.000143
259.19	0.000136
259.27	0.000139
259.35	0.000133
259.44	0.000131
259.51	0.000126
259.60	0.000120
259.67	0.000130
259.76	0.000127
259.83	0.000128
259.91	0.000130
260.00	0.000126
260.08	0.000133
260.15	0.000135
260.24	0.000135
260.31	0.000135
260.40	0.000140
260.47	0.000136
260.56	0.000127
260.64	0.000127
260.71	0.000128
260.80	0.000130
260.87	0.000135
260.96	0.000129
261.03	0.000129
261.12	0.000128
261.19	0.000135
261.28	0.000132
261.35	0.000129
261.44	0.000136
261.52	0.000138
261.60	0.000139
261.67	0.000140
261.76	0.000139
261.83	0.000133
261.92	0.000130
261.99	0.000130
262.07	0.000132
262.15	0.000136
262.23	0.000139
262.31	0.000122
262.39	0.000121
262.47	0.000132
262.55	0.000131
262.63	0.000134
262.71	0.000132
262.79	0.000132
262.87	0.000133
262.95	0.000126
263.03	0.000134
263.11	0.000121
263.19	0.000123
263.27	0.000135
263.35	0.000144
263.43	0.000138
263.51	0.000136
263.60	0.000137
263.68	0.000129
263.75	0.000127
263.84	0.000126
263.91	0.000120
264.00	0.000130
264.07	0.000133
264.16	0.000133
264.24	0.000136
264.31	0.000137
264.40	0.000134
264.47	0.000125
264.56	0.000128
264.63	0.000131
264.72	0.000126
264.79	0.000135
264.88	0.000126
264.95	0.000123
265.04	0.000125
265.11	0.000120
265.20	0.000131
265.27	0.000129
265.36	0.000134
265.44	0.000130
265.51	0.000130
265.60	0.000134
265.68	0.000135
265.76	0.000127
265.83	0.000127
265.92	0.000123
266.00	0.000128
266.08	0.000130
266.15	0.000145
266.24	0.000152
266.31	0.000139
266.40	0.000133
266.47	0.000131
266.55	0.000141
266.64	0.000133
266.71	0.000136
266.80	0.000133
266.87	0.000132
266.95	0.000132
267.04	0.000131
267.11	0.000128
267.20	0.000131
267.28	0.000135
267.35	0.000124
267.44	0.000125
267.51	0.000121
267.60	0.000121
267.67	0.000131
267.75	0.000126
267.84	0.000124
267.91	0.000129
267.99	0.000134
268.07	0.000125
268.15	0.000126
268.24	0.000125
268.31	0.000126
268.40	0.000118
268.47	0.000117
268.56	0.000122
268.63	0.000125
268.71	0.000126
268.79	0.000124
268.88	0.000124
268.95	0.000122
269.04	0.000128
269.12	0.000118
269.19	0.000124
269.28	0.000132
269.35	0.000126
269.44	0.000136
269.51	0.000128
269.60	0.000124
269.67	0.000134
269.76	0.000144
269.83	0.000140
269.92	0.000140
270.00	0.000130
270.08	0.000127
270.15	0.000126
270.24	0.000127
270.32	0.000126
270.40	0.000130
270.49	0.000125
270.57	0.000133
270.64	0.000138
270.73	0.000132
270.80	0.000121
270.89	0.000123
270.97	0.000129
271.04	0.000130
271.13	0.000122
271.20	0.000133
271.28	0.000133
271.36	0.000122
271.45	0.000129
271.52	0.000139
271.60	0.000127
271.68	0.000128
271.76	0.000134
271.84	0.000135
271.92	0.000130
272.00	0.000131
272.08	0.000133
272.16	0.000125
272.24	0.000123
272.32	0.000126
272.40	0.000116
272.48	0.000124
272.57	0.000134
272.64	0.000128
272.71	0.000125
272.80	0.000136
272.88	0.000124
272.96	0.000126
273.04	0.000128
273.12	0.000124
273.20	0.000129
273.28	0.000128
273.36	0.000133
273.44	0.000135
273.52	0.000131
273.60	0.000128
273.68	0.000124
273.76	0.000123
273.84	0.000119
273.92	0.000126
274.00	0.000127
274.08	0.000126
274.16	0.000130
274.24	0.000141
274.32	0.000137
274.40	0.000133
274.48	0.000132
274.56	0.000134
274.64	0.000127
274.72	0.000131
274.80	0.000133
274.88	0.000132
274.96	0.000132
275.04	0.000139
275.12	0.000130
275.20	0.000122
275.28	0.000129
275.36	0.000124
275.44	0.000128
275.52	0.000125
275.60	0.000129
275.68	0.000135
275.76	0.000127
275.84	0.000130
275.92	0.000136
276.00	0.000141
276.08	0.000133
276.15	0.000139
276.24	0.000133
276.32	0.000121
276.40	0.000113
276.47	0.000121
276.56	0.000127
276.63	0.000134
276.72	0.000132
276.79	0.000122
276.88	0.000130
276.96	0.000126
277.04	0.000134
277.11	0.000129
277.20	0.000124
277.27	0.000129
277.36	0.000139
277.43	0.000139
277.52	0.000143
277.59	0.000128
277.68	0.000131
277.75	0.000131
277.83	0.000136
277.92	0.000144
277.99	0.000149
278.07	0.000135
278.16	0.000141
278.23	0.000135
278.32	0.000134
278.39	0.000146
278.48	0.000142
278.55	0.000137
278.64	0.000143
278.71	0.000139
278.80	0.000135
278.87	0.000138
278.96	0.000128
279.03	0.000138
279.12	0.000143
279.19	0.000135
279.28	0.000133
279.35	0.000144
279.44	0.000141
279.51	0.000136
279.60	0.000134
279.68	0.000129
279.76	0.000130
279.84	0.000133
279.92	0.000136
280.00	0.000140
280.07	0.000135
280.16	0.000127
280.24	0.000124
280.32	0.000126
280.39	0.000135
280.47	0.000131
280.56	0.000123
280.63	0.000137
280.72	0.000142
280.80	0.000141
280.87	0.000142
280.96	0.000139
281.03	0.000138
281.12	0.000145
281.19	0.000137
281.28	0.000150
281.36	0.000131
281.44	0.000132
281.51	0.000137
281.60	0.000140
281.68	0.000147
281.76	0.000142
281.83	0.000148
281.92	0.000144
281.99	0.000140
282.07	0.000138
282.15	0.000132
282.23	0.000125
282.31	0.000127
282.39	0.000136
282.47	0.000143
282.55	0.000135
282.63	0.000140
282.71	0.000143
282.79	0.000138
282.87	0.000143
282.95	0.000149
283.03	0.000140
283.11	0.000139
283.19	0.000147
283.27	0.000143
283.35	0.000146
283.43	0.000130
283.51	0.000140
283.59	0.000135
283.68	0.000134
283.75	0.000130
283.83	0.000133
283.91	0.000137
284.00	0.000142
284.07	0.000137
284.16	0.000134
284.23	0.000135
284.32	0.000126
284.40	0.000125
284.47	0.000120
284.56	0.000129
284.63	0.000125
284.72	0.000120
284.79	0.000129
284.88	0.000132
284.95	0.000134
285.04	0.000139
285.11	0.000137
285.20	0.000139
285.27	0.000142
285.36	0.000128
285.43	0.000125
285.52	0.000133
285.59	0.000142
285.68	0.000146
285.76	0.000141
285.84	0.000142
285.92	0.000142
285.99	0.000143
286.08	0.000141
286.15	0.000139
286.23	0.000132
286.32	0.000136
286.39	0.000134
286.48	0.000154
286.55	0.000152
286.63	0.000136
286.71	0.000132
286.80	0.000142
286.87	0.000139
286.95	0.000140
287.03	0.000145
287.11	0.000144
287.19	0.000152
287.27	0.000145
287.35	0.000154
287.43	0.000146
287.51	0.000136
287.59	0.000136
287.67	0.000143
287.75	0.000150
287.83	0.000148
287.91	0.000150
288.00	0.000155
288.07	0.000155
288.15	0.000150
288.23	0.000147
288.31	0.000148
288.39	0.000148
288.47	0.000160
288.55	0.000161
288.63	0.000158
288.71	0.000160
288.79	0.000157
288.87	0.000154
288.95	0.000152
289.04	0.000161
289.11	0.000157
289.19	0.000150
289.27	0.000148
289.36	0.000157
289.43	0.000145
289.51	0.000150
289.60	0.000151
289.67	0.000158
289.76	0.000162
289.83	0.000163
289.92	0.000163
289.99	0.000158
290.08	0.000158
290.16	0.000157
290.24	0.000152
290.31	0.000150
290.40	0.000160
290.48	0.000166
290.55	0.000172
290.64	0.000172
290.72	0.000171
290.79	0.000165
290.88	0.000163
290.95	0.000167
291.04	0.000161
291.11	0.000163
291.20	0.000154
291.27	0.000161
291.36	0.000163
291.43	0.000160
291.51	0.000161
291.59	0.000171
291.67	0.000162
291.75	0.000161
291.83	0.000160
291.91	0.000151
291.99	0.000162
292.07	0.000156
292.15	0.000149
292.23	0.000159
292.31	0.000170
292.39	0.000164
292.47	0.000176
292.55	0.000169
292.63	0.000170
292.71	0.000170
292.79	0.000179
292.87	0.000170
292.95	0.000176
293.03	0.000178
293.11	0.000169
293.19	0.000177
293.27	0.000176
293.35	0.000178
293.43	0.000183
293.51	0.000181
293.59	0.000192
293.67	0.000187
293.75	0.000187
293.83	0.000190
293.91	0.000189
293.99	0.000182
294.07	0.000184
294.15	0.000191
294.24	0.000185
294.32	0.000201
294.39	0.000205
294.48	0.000204
294.56	0.000205
294.64	0.000206
294.71	0.000205
294.80	0.000211
294.87	0.000208
294.96	0.000206
295.03	0.000210
295.12	0.000212
295.19	0.000213
295.28	0.000220
295.35	0.000211
295.44	0.000216
295.51	0.000224
295.60	0.000222
295.67	0.000226
295.76	0.000221
295.84	0.000221
295.91	0.000223
296.00	0.000221
296.07	0.000235
296.16	0.000232
296.24	0.000236
296.31	0.000233
296.39	0.000229
296.47	0.000229
296.55	0.000235
296.63	0.000241
296.72	0.000244
296.79	0.000240
296.87	0.000238
296.95	0.000241
297.03	0.000247
297.11	0.000245
297.19	0.000246
297.27	0.000246
297.35	0.000237
297.43	0.000251
297.51	0.000261
297.59	0.000258
297.67	0.000255
297.75	0.000249
297.82	0.000259
297.91	0.000258
297.99	0.000266
298.07	0.000265
298.15	0.000261
298.23	0.000260
298.31	0.000271
298.39	0.000274
298.47	0.000275
298.55	0.000276
298.63	0.000279
298.71	0.000276
298.79	0.000285
298.87	0.000290
298.95	0.000294
299.03	0.000288
299.11	0.000296
299.19	0.000291
299.27	0.000298
299.35	0.000307
299.43	0.000293
299.51	0.000297
299.59	0.000308
299.68	0.000314
299.75	0.000314
299.84	0.000308
299.91	0.000313
300.00	0.000322
300.07	0.000317
300.15	0.000320
300.23	0.000327
300.31	0.000346
300.39	0.000345
300.47	0.000347
300.55	0.000353
300.63	0.000354
300.71	0.000355
300.79	0.000358
300.87	0.000366
300.95	0.000367
301.03	0.000378
301.11	0.000381
301.19	0.000387
301.27	0.000381
301.35	0.000386
301.43	0.000386
301.51	0.000381
301.59	0.000400
301.67	0.000409
301.75	0.000411
301.82	0.000416
301.91	0.000416
301.98	0.000418
302.07	0.000406
302.14	0.000417
302.23	0.000418
302.30	0.000425
302.39	0.000430
302.47	0.000430
302.54	0.000444
302.63	0.000449
302.70	0.000455
302.79	0.000455
302.86	0.000455
302.95	0.000455
303.02	0.000463
303.11	0.000471
303.18	0.000478
303.27	0.000481
303.35	0.000482
303.42	0.000486
303.51	0.000493
303.58	0.000500
303.67	0.000503
303.74	0.000515
303.83	0.000515
303.91	0.000517
303.99	0.000536
304.07	0.000531
304.15	0.000541
304.23	0.000550
304.31	0.000561
304.39	0.000570
304.47	0.000572
304.55	0.000586
304.63	0.000599
304.71	0.000604
304.79	0.000613
304.87	0.000619
304.95	0.000628
305.03	0.000646
305.11	0.000642
305.19	0.000652
305.27	0.000657
305.35	0.000671
305.43	0.000687
305.51	0.000693
305.58	0.000707
305.67	0.000715
305.76	0.000720
305.83	0.000736
305.90	0.000735
305.99	0.000748
306.06	0.000753
306.15	0.000773
306.22	0.000769
306.31	0.000776
306.38	0.000789
306.47	0.000805
306.54	0.000811
306.63	0.000824
306.71	0.000833
306.78	0.000849
306.87	0.000851
306.94	0.000863
307.03	0.000880
307.10	0.000883
307.19	0.000892
307.26	0.000912
307.35	0.000922
307.42	0.000939
307.50	0.000957
307.58	0.000971
307.66	0.000981
307.75	0.000992
307.82	0.001018
307.90	0.001030
307.98	0.001047
308.06	0.001062
308.14	0.001068
308.22	0.001078
308.31	0.001103
308.38	0.001125
308.46	0.001133
308.55	0.001143
308.62	0.001164
308.71	0.001185
308.78	0.001203
308.87	0.001228
308.94	0.001235
309.03	0.001236
309.10	0.001262
309.19	0.001286
309.27	0.001312
309.35	0.001342
309.43	0.001361
309.51	0.001377
309.59	0.001408
309.67	0.001442
309.75	0.001462
309.83	0.001485
309.91	0.001495
309.99	0.001525
310.07	0.001542
310.15	0.001577
310.23	0.001610
310.31	0.001628
310.39	0.001653
310.47	0.001673
310.55	0.001698
310.63	0.001726
310.71	0.001769
310.79	0.001789
310.87	0.001806
310.95	0.001825
311.03	0.001849
311.11	0.001883
311.19	0.001910
311.27	0.001935
311.35	0.001963
311.43	0.001992
311.51	0.002019
311.59	0.002055
311.67	0.002082
311.75	0.002113
311.83	0.002136
311.90	0.002164
311.99	0.002198
312.07	0.002233
312.15	0.002262
312.23	0.002294
312.31	0.002327
312.39	0.002370
312.47	0.002402
312.55	0.002432
312.63	0.002473
312.71	0.002502
312.79	0.002532
312.88	0.002564
312.95	0.002599
313.03	0.002639
313.11	0.002671
313.19	0.002711
313.27	0.002748
313.35	0.002791
313.44	0.002829
313.51	0.002878
313.60	0.002923
313.67	0.002970
313.76	0.003012
313.83	0.003045
313.92	0.003084
313.99	0.003128
314.08	0.003173
314.15	0.003226
314.24	0.003281
314.31	0.003328
314.40	0.003382
314.47	0.003438
314.56	0.003484
314.63	0.003537
314.72	0.003594
314.80	0.003640
314.87	0.003684
314.96	0.003725
315.03	0.003770
315.12	0.003819
315.19	0.003884
315.28	0.003937
315.35	0.003983
315.44	0.004030
315.51	0.004081
315.60	0.004135
315.68	0.004194
315.76	0.004248
315.83	0.004300
315.92	0.004345
315.99	0.004392
316.07	0.004433
316.15	0.004484
316.24	0.004531
316.31	0.004579
316.39	0.004636
316.47	0.004695
316.55	0.004753
316.63	0.004801
316.71	0.004851
316.79	0.004895
316.87	0.004949
316.95	0.005001
317.03	0.005055
317.11	0.005107
317.19	0.005172
317.27	0.005229
317.36	0.005295
317.43	0.005361
317.52	0.005418
317.59	0.005465
317.67	0.005520
317.76	0.005593
317.84	0.005646
317.91	0.005704
318.00	0.005759
318.07	0.005829
318.16	0.005881
318.23	0.005940
318.32	0.006007
318.40	0.006074
318.47	0.006140
318.56	0.006202
318.63	0.006263
318.72	0.006322
318.79	0.006382
318.88	0.006441
318.95	0.006512
319.04	0.006580
319.12	0.006658
319.20	0.006730
319.27	0.006810
319.36	0.006882
319.44	0.006952
319.51	0.007030
319.60	0.007093
319.68	0.007149
319.76	0.007209
319.84	0.007272
319.92	0.007344
320.00	0.007397
320.08	0.007462
320.15	0.007520
320.24	0.007589
320.31	0.007659
320.39	0.007717
320.48	0.007780
320.55	0.007834
320.64	0.007905
320.71	0.007966
320.80	0.008013
320.87	0.008071
320.96	0.008118
321.03	0.008179
321.12	0.008226
321.19	0.008281
321.28	0.008351
321.35	0.008416
321.44	0.008479
321.51	0.008531
321.60	0.008573
321.67	0.008622
321.76	0.008682
321.83	0.008729
321.92	0.008789
322.00	0.008851
322.07	0.008903
322.15	0.008960
322.24	0.009027
322.31	0.009087
322.40	0.009139
322.47	0.009201
322.56	0.009257
322.63	0.009313
322.72	0.009372
322.79	0.009426
322.88	0.009476
322.95	0.009527
323.04	0.009575
323.11	0.009624
323.20	0.009674
323.28	0.009722
323.35	0.009769
323.44	0.009815
323.51	0.009873
323.60	0.009932
323.68	0.009984
323.76	0.010034
323.83	0.010089
323.92	0.010124
324.00	0.010172
324.08	0.010217
324.16	0.010284
324.24	0.010337
324.32	0.010397
324.40	0.010457
324.48	0.010501
324.56	0.010532
324.64	0.010569
324.72	0.010603
324.80	0.010623
324.88	0.010654
324.96	0.010686
325.04	0.010716
325.12	0.010737
325.19	0.010771
325.28	0.010811
325.36	0.010847
325.44	0.010871
325.51	0.010909
325.59	0.010942
325.68	0.010972
325.75	0.011001
325.84	0.011014
325.91	0.011034
326.00	0.011056
326.07	0.011070
326.16	0.011091
326.23	0.011124
326.32	0.011136
326.39	0.011165
326.48	0.011181
326.56	0.011185
326.63	0.011205
326.71	0.011209
326.79	0.011221
326.87	0.011239
326.95	0.011252
327.03	0.011260
327.12	0.011272
327.19	0.011277
327.28	0.011284
327.35	0.011303
327.43	0.011315
327.52	0.011312
327.59	0.011322
327.68	0.011327
327.75	0.011339
327.84	0.011347
327.91	0.011333
328.00	0.011325
328.07	0.011330
328.15	0.011326
328.24	0.011321
328.32	0.011317
328.40	0.011307
328.47	0.011296
328.56	0.011294
328.63	0.011277
328.72	0.011267
328.80	0.011255
328.88	0.011232
328.96	0.011210
329.04	0.011199
329.12	0.011195
329.20	0.011186
329.28	0.011175
329.36	0.011154
329.44	0.011135
329.53	0.011111
329.60	0.011076
329.68	0.011035
329.76	0.011015
329.84	0.010979
329.92	0.010944
330.00	0.010915
330.08	0.010882
330.15	0.010849
330.24	0.010822
330.32	0.010783
330.40	0.010765
330.48	0.010720
330.55	0.010700
330.64	0.010664
330.71	0.010630
330.80	0.010602
330.87	0.010573
330.96	0.010529
331.03	0.010488
331.12	0.010451
331.19	0.010424
331.28	0.010378
331.35	0.010339
331.43	0.010287
331.52	0.010237
331.59	0.010184
331.68	0.010147
331.75	0.010107
331.83	0.010060
331.91	0.010025
331.99	0.009983
332.08	0.009929
332.15	0.009887
332.24	0.009836
332.31	0.009787
332.40	0.009743
332.47	0.009692
332.55	0.009631
332.64	0.009583
332.71	0.009538
332.80	0.009485
332.88	0.009438
332.95	0.009392
333.04	0.009335
333.11	0.009284
333.20	0.009239
333.27	0.009183
333.36	0.009121
333.43	0.009064
333.52	0.009006
333.59	0.008942
333.68	0.008877
333.76	0.008814
333.83	0.008751
333.92	0.008700
333.99	0.008638
334.08	0.008577
334.15	0.008521
334.24	0.008459
334.31	0.008402
334.40	0.008336
334.47	0.008269
334.56	0.008209
334.64	0.008152
334.72	0.008088
334.79	0.008027
334.88	0.007971
334.96	0.007908
335.03	0.007856
335.12	0.007784
335.19	0.007729
335.27	0.007677
335.35	0.007626
335.44	0.007571
335.51	0.007507
335.59	0.007457
335.67	0.007405
335.75	0.007348
335.83	0.007293
335.91	0.007230
335.99	0.007178
336.07	0.007127
336.15	0.007068
336.23	0.007008
336.31	0.006968
336.39	0.006898
336.47	0.006843
336.55	0.006797
336.63	0.006755
336.71	0.006702
336.79	0.006645
336.87	0.006589
336.95	0.006532
337.03	0.006490
337.11	0.006430
337.19	0.006379
337.27	0.006331
337.35	0.006280
337.43	0.006232
337.51	0.006170
337.59	0.006112
337.67	0.006078
337.75	0.006019
337.83	0.005973
337.91	0.005923
337.99	0.005872
338.07	0.005824
338.15	0.005760
338.23	0.005704
338.31	0.005652
338.39	0.005604
338.48	0.005561
338.56	0.005520
338.63	0.005478
338.71	0.005405
338.79	0.005359
338.88	0.005306
338.95	0.005257
339.04	0.005206
339.11	0.005162
339.19	0.005123
339.27	0.005068
339.36	0.005016
339.43	0.004964
339.51	0.004930
339.59	0.004886
339.67	0.004848
339.75	0.004792
339.83	0.004758
339.91	0.004714
339.99	0.004670
340.07	0.004636
340.15	0.004598
340.23	0.004555
340.31	0.004512
340.39	0.004476
340.47	0.004439
340.55	0.004395
340.63	0.004367
340.71	0.004332
340.79	0.004290
340.87	0.004257
340.94	0.004235
341.03	0.004193
341.11	0.004157
341.19	0.004117
341.26	0.004098
341.34	0.004054
341.43	0.004023
341.50	0.003990
341.59	0.003966
341.66	0.003939
341.75	0.003904
341.82	0.003866
341.91	0.003843
341.98	0.003799
342.07	0.003769
342.14	0.003737
342.23	0.003712
342.30	0.003682
342.38	0.003659
342.47	0.003629
342.55	0.003600
342.63	0.003567
342.70	0.003539
342.79	0.003518
342.87	0.003478
342.95	0.003453
343.03	0.003415
343.11	0.003405
343.19	0.003378
343.27	0.003354
343.35	0.003316
343.43	0.003289
343.51	0.003263
343.59	0.003241
343.67	0.003213
343.75	0.003194
343.83	0.003165
343.91	0.003139
343.99	0.003104
344.07	0.003068
344.15	0.003041
344.23	0.003017
344.31	0.002990
344.39	0.002975
344.47	0.002947
344.55	0.002934
344.63	0.002915
344.71	0.002899
344.79	0.002875
344.87	0.002857
344.95	0.002834
345.03	0.002810
345.11	0.002800
345.19	0.002768
345.27	0.002747
345.35	0.002728
345.43	0.002714
345.51	0.002692
345.59	0.002681
345.67	0.002657
345.75	0.002656
345.82	0.002641
345.91	0.002621
345.99	0.002602
346.07	0.002579
346.15	0.002559
346.23	0.002548
346.30	0.002531
346.39	0.002528
346.46	0.002509
346.55	0.002490
346.62	0.002482
346.71	0.002465
346.78	0.002444
346.87	0.002434
346.95	0.002417
347.03	0.002405
347.11	0.002382
347.19	0.002369
347.26	0.002349
347.35	0.002338
347.43	0.002320
347.51	0.002300
347.59	0.002296
347.67	0.002280
347.75	0.002268
347.83	0.002254
347.92	0.002247
347.99	0.002235
348.07	0.002221
348.15	0.002196
348.23	0.002188
348.32	0.002177
348.39	0.002156
348.47	0.002150
348.55	0.002129
348.64	0.002126
348.71	0.002118
348.80	0.002105
348.87	0.002096
348.96	0.002069
349.04	0.002060
349.11	0.002038
349.20	0.002025
349.27	0.002015
349.36	0.002006
349.43	0.001995
349.52	0.001974
349.59	0.001966
349.68	0.001961
349.75	0.001960
349.84	0.001960
349.91	0.001949
349.99	0.001940
350.08	0.001918
350.16	0.001908
350.23	0.001900
350.32	0.001881
350.39	0.001876
350.48	0.001856
350.56	0.001859
350.63	0.001849
350.71	0.001838
350.79	0.001836
350.87	0.001835
350.95	0.001822
351.03	0.001809
351.11	0.001797
351.19	0.001795
351.27	0.001789
351.35	0.001785
351.43	0.001784
351.51	0.001771
351.59	0.001769
351.67	0.001761
351.75	0.001748
351.83	0.001733
351.91	0.001716
351.99	0.001713
352.07	0.001715
352.15	0.001703
352.23	0.001688
352.31	0.001676
352.39	0.001668
352.47	0.001660
352.55	0.001663
352.63	0.001646
352.71	0.001645
352.79	0.001640
352.87	0.001624
352.95	0.001632
353.03	0.001618
353.12	0.001616
353.19	0.001612
353.27	0.001607
353.35	0.001592
353.44	0.001588
353.51	0.001582
353.60	0.001582
353.68	0.001579
353.75	0.001577
353.84	0.001558
353.91	0.001548
354.00	0.001537
354.08	0.001534
354.15	0.001524
354.24	0.001506
354.31	0.001519
354.40	0.001503
354.47	0.001495
354.55	0.001494
354.64	0.001491
354.71	0.001487
354.80	0.001481
354.88	0.001482
354.95	0.001480
355.04	0.001480
355.11	0.001470
355.20	0.001451
355.27	0.001444
355.36	0.001442
355.44	0.001441
355.51	0.001437
355.59	0.001424
355.67	0.001419
355.75	0.001408
355.83	0.001397
355.91	0.001401
355.99	0.001411
356.07	0.001399
356.15	0.001394
356.23	0.001396
356.31	0.001385
356.39	0.001389
356.47	0.001379
356.55	0.001372
356.63	0.001385
356.71	0.001380
356.79	0.001371
356.87	0.001366
356.95	0.001369
357.03	0.001356
357.11	0.001340
357.19	0.001342
357.27	0.001334
357.35	0.001325
357.43	0.001323
357.52	0.001318
357.59	0.001322
357.67	0.001315
357.75	0.001312
357.83	0.001298
357.91	0.001312
357.99	0.001305
358.07	0.001303
358.15	0.001290
358.23	0.001287
358.31	0.001277
358.39	0.001277
358.47	0.001278
358.56	0.001279
358.63	0.001271
358.72	0.001262
358.79	0.001259
358.88	0.001240
358.95	0.001244
359.03	0.001234
359.12	0.001228
359.19	0.001220
359.27	0.001225
359.35	0.001224
359.43	0.001219
359.51	0.001211
359.59	0.001207
359.67	0.001212
359.75	0.001209
359.83	0.001202
359.91	0.001208
359.99	0.001200
360.07	0.001196
360.15	0.001188
360.23	0.001192
360.31	0.001203
360.39	0.001191
360.47	0.001183
360.55	0.001177
360.63	0.001175
360.70	0.001166
360.79	0.001166
360.87	0.001166
360.94	0.001164
361.03	0.001162
361.11	0.001160
361.18	0.001159
361.27	0.001158
361.34	0.001152
361.43	0.001150
361.50	0.001151
361.59	0.001148
361.67	0.001139
361.75	0.001132
361.82	0.001124
361.91	0.001121
361.98	0.001126
362.07	0.001117
362.14	0.001118
362.23	0.001119
362.30	0.001116
362.39	0.001119
362.46	0.001106
362.55	0.001095
362.62	0.001086
362.71	0.001083
362.78	0.001099
362.87	0.001093
362.95	0.001089
363.02	0.001088
363.11	0.001075
363.19	0.001080
363.26	0.001080
363.35	0.001074
363.43	0.001079
363.51	0.001068
363.59	0.001068
363.67	0.001063
363.75	0.001056
363.83	0.001043
363.91	0.001044
363.99	0.001035
364.07	0.001039
364.15	0.001043
364.22	0.001037
364.30	0.001034
364.38	0.001039
364.45	0.001027
364.53	0.001028
364.61	0.001034
364.69	0.001023
364.76	0.001026
364.85	0.001024
364.92	0.001008
365.01	0.001008
365.08	0.001003
365.17	0.001001
365.24	0.001006
365.33	0.001003
365.41	0.000999
365.49	0.001003
365.56	0.000996
365.65	0.001000
365.72	0.000996
365.81	0.000997
365.88	0.000988
365.97	0.000988
366.04	0.000983
366.13	0.000986
366.20	0.000982
366.29	0.000984
366.36	0.000982
366.45	0.000988
366.52	0.000982
366.61	0.000977
366.69	0.000974
366.77	0.000959
366.85	0.000958
366.93	0.000959
367.01	0.000958
367.09	0.000955
367.17	0.000941
367.25	0.000941
367.33	0.000944
367.41	0.000940
367.49	0.000936
367.57	0.000935
367.65	0.000925
367.73	0.000932
367.81	0.000932
367.89	0.000929
367.97	0.000928
368.05	0.000926
368.13	0.000924
368.21	0.000923
368.29	0.000920
368.37	0.000923
368.45	0.000925
368.53	0.000921
368.61	0.000915
368.69	0.000912
368.77	0.000894
368.86	0.000883
368.93	0.000888
369.01	0.000890
369.09	0.000899
369.17	0.000884
369.26	0.000881
369.33	0.000880
369.41	0.000879
369.49	0.000880
369.57	0.000878
369.65	0.000874
369.73	0.000874
369.81	0.000872
369.89	0.000864
369.97	0.000859
370.05	0.000851
370.13	0.000845
370.21	0.000861
370.29	0.000871
370.37	0.000859
370.44	0.000853
370.53	0.000855
370.60	0.000844
370.69	0.000837
370.76	0.000834
370.85	0.000822
370.92	0.000832
371.01	0.000828
371.08	0.000828
371.17	0.000830
371.25	0.000830
371.33	0.000829
371.41	0.000833
371.49	0.000819
371.57	0.000815
371.65	0.000813
371.73	0.000802
371.81	0.000801
371.89	0.000799
371.97	0.000802
372.05	0.000803
372.13	0.000797
372.21	0.000791
372.29	0.000792
372.37	0.000792
372.45	0.000793
372.53	0.000792
372.61	0.000790
372.69	0.000778
372.77	0.000781
372.86	0.000780
372.93	0.000779
373.01	0.000773
373.09	0.000762
373.18	0.000761
373.25	0.000764
373.34	0.000770
373.41	0.000771
373.49	0.000765
373.58	0.000757
373.65	0.000748
373.74	0.000756
373.81	0.000745
373.90	0.000750
373.97	0.000739
374.06	0.000733
374.13	0.000731
374.21	0.000740
374.30	0.000744
374.37	0.000735
374.45	0.000729
374.53	0.000725
374.61	0.000718
374.69	0.000725
374.77	0.000707
374.85	0.000711
374.93	0.000707
375.01	0.000710
375.09	0.000703
375.17	0.000712
375.25	0.000710
375.33	0.000712
375.41	0.000711
375.49	0.000710
375.58	0.000699
375.65	0.000694
375.73	0.000692
375.81	0.000689
375.88	0.000681
375.97	0.000680
376.05	0.000684
376.13	0.000682
376.21	0.000674
376.29	0.000674
376.37	0.000670
376.45	0.000675
376.53	0.000670
376.61	0.000674
376.69	0.000671
376.77	0.000654
376.85	0.000645
376.93	0.000646
377.01	0.000647
377.09	0.000653
377.17	0.000655
377.25	0.000651
377.33	0.000660
377.41	0.000650
377.50	0.000642
377.57	0.000647
377.65	0.000645
377.73	0.000634
377.82	0.000630
377.89	0.000626
377.98	0.000630
378.06	0.000625
378.13	0.000625
378.22	0.000616
378.29	0.000614
378.38	0.000617
378.45	0.000615
378.54	0.000605
378.61	0.000601
378.70	0.000603
378.77	0.000601
378.86	0.000594
378.93	0.000602
379.02	0.000592
379.09	0.000593
379.18	0.000591
379.26	0.000594
379.33	0.000581
379.42	0.000583
379.49	0.000582
379.57	0.000587
379.65	0.000585
379.73	0.000588
379.81	0.000577
379.89	0.000573
379.97	0.000575
380.05	0.000573
380.13	0.000570
380.21	0.000561
380.29	0.000568
380.37	0.000564
380.45	0.000559
380.53	0.000555
380.61	0.000550
380.69	0.000548
380.77	0.000546
380.85	0.000533
380.93	0.000528
381.01	0.000528
381.12	0.000538
381.16	0.000545
381.24	0.000544
381.32	0.000531
381.40	0.000533
381.48	0.000521
381.56	0.000531
381.64	0.000525
381.72	0.000521
381.81	0.000521
381.89	0.000512
381.96	0.000516
382.04	0.000505
382.12	0.000501
382.21	0.000508
382.28	0.000503
382.37	0.000502
382.44	0.000496
382.53	0.000494
382.61	0.000491
382.69	0.000494
382.77	0.000487
382.85	0.000492
382.93	0.000487
383.01	0.000493
383.09	0.000489
383.16	0.000486
383.25	0.000485
383.33	0.000481
383.41	0.000481
383.49	0.000484
383.57	0.000479
383.65	0.000464
383.73	0.000460
383.81	0.000464
383.89	0.000455
383.97	0.000454
384.05	0.000460
384.13	0.000458
384.20	0.000446
384.30	0.000449
384.37	0.000445
384.44	0.000440
384.53	0.000445
384.60	0.000451
384.68	0.000448
384.77	0.000448
384.84	0.000449
384.93	0.000444
385.00	0.000453
385.09	0.000440
385.16	0.000436
385.25	0.000432
385.32	0.000439
385.41	0.000431
385.48	0.000438
385.57	0.000434
385.64	0.000426
385.73	0.000425
385.80	0.000418
385.88	0.000414
385.96	0.000419
386.05	0.000421
386.12	0.000415
386.21	0.000409
386.28	0.000411
386.37	0.000409
386.44	0.000407
386.53	0.000407
386.60	0.000399
386.69	0.000402
386.76	0.000395
386.85	0.000404
386.92	0.000395
387.00	0.000390
387.09	0.000394
387.16	0.000388
387.25	0.000390
387.32	0.000388
387.41	0.000388
387.49	0.000390
387.57	0.000396
387.64	0.000396
387.73	0.000393
387.81	0.000388
387.89	0.000386
387.96	0.000380
388.05	0.000380
388.13	0.000372
388.21	0.000364
388.28	0.000365
388.37	0.000363
388.44	0.000357
388.53	0.000364
388.60	0.000360
388.69	0.000359
388.76	0.000358
388.84	0.000359
388.93	0.000367
389.00	0.000367
389.09	0.000369
389.17	0.000360
389.24	0.000365
389.33	0.000360
389.40	0.000354
389.49	0.000355
389.56	0.000347
389.64	0.000343
389.72	0.000339
389.80	0.000342
389.88	0.000336
389.96	0.000335
390.04	0.000332
390.12	0.000335
390.20	0.000341
390.28	0.000340
390.36	0.000342
390.44	0.000328
390.52	0.000329
390.60	0.000326
390.68	0.000319
390.76	0.000326
390.84	0.000330
390.92	0.000327
391.00	0.000330
391.08	0.000324
391.16	0.000314
391.24	0.000319
391.32	0.000320
391.40	0.000321
391.48	0.000319
391.56	0.000324
391.64	0.000320
391.72	0.000305
391.80	0.000318
391.88	0.000315
391.96	0.000320
392.04	0.000309
392.13	0.000310
392.20	0.000306
392.29	0.000294
392.36	0.000294
392.44	0.000296
392.52	0.000311
392.61	0.000303
392.68	0.000294
392.77	0.000303
392.84	0.000305
392.93	0.000302
393.00	0.000294
393.09	0.000291
393.16	0.000303
393.25	0.000294
393.32	0.000291
393.40	0.000288
393.49	0.000276
393.56	0.000291
393.64	0.000296
393.72	0.000290
393.80	0.000286
393.88	0.000282
393.96	0.000280
394.04	0.000265
394.12	0.000273
394.20	0.000275
394.28	0.000275
394.36	0.000278
394.44	0.000275
394.52	0.000270
394.60	0.000279
394.68	0.000280
394.76	0.000275
394.84	0.000275
394.92	0.000272
395.00	0.000270
395.08	0.000274
395.15	0.000271
395.24	0.000271
395.31	0.000264
395.40	0.000267
395.47	0.000268
395.56	0.000265
395.63	0.000263
395.72	0.000255
395.79	0.000265
395.88	0.000264
395.95	0.000257
396.04	0.000263
396.12	0.000267
396.19	0.000272
396.27	0.000257
396.36	0.000261
396.44	0.000257
396.52	0.000257
396.60	0.000261
396.68	0.000255
396.76	0.000249
396.84	0.000256
396.92	0.000256
397.00	0.000256
397.08	0.000252
397.16	0.000249
397.24	0.000252
397.32	0.000243
397.40	0.000237
397.48	0.000230
397.56	0.000240
397.64	0.000238
397.72	0.000244
397.80	0.000241
397.88	0.000241
397.96	0.000242
398.04	0.000241
398.12	0.000241
398.20	0.000232
398.28	0.000233
398.36	0.000229
398.44	0.000229
398.52	0.000234
398.60	0.000224
398.68	0.000231
398.76	0.000232
398.84	0.000238
398.92	0.000224
399.00	0.000230
399.08	0.000233
399.16	0.000237
399.24	0.000233
399.32	0.000230
399.40	0.000229
399.48	0.000239
399.56	0.000238
399.63	0.000221
399.72	0.000231
399.80	0.000230
399.88	0.000230
399.95	0.000235
400.04	0.000224
400.11	0.000220
400.20	0.000219
400.27	0.000229
400.36	0.000221
400.43	0.000219
400.52	0.000218
400.60	0.000219
400.67	0.000215
400.76	0.000220
400.83	0.000211
400.92	0.000221
400.99	0.000220
401.08	0.000210
401.15	0.000215
401.24	0.000213
401.31	0.000214
401.40	0.000214
401.48	0.000215
401.55	0.000217
401.64	0.000216
401.71	0.000218
401.79	0.000213
401.88	0.000210
401.95	0.000204
402.04	0.000200
402.12	0.000200
402.20	0.000200
402.28	0.000203
402.36	0.000201
402.44	0.000203
402.52	0.000202
402.60	0.000203
402.68	0.000196
402.76	0.000200
402.84	0.000207
402.92	0.000205
403.00	0.000198
403.08	0.000196
403.16	0.000199
403.24	0.000198
403.32	0.000201
403.40	0.000196
403.48	0.000195
403.56	0.000191
403.64	0.000180
403.72	0.000185
403.80	0.000189
403.88	0.000196
403.96	0.000187
404.04	0.000187
404.12	0.000189
404.20	0.000186
404.28	0.000192
404.36	0.000187
404.44	0.000193
404.51	0.000191
404.60	0.000190
404.68	0.000195
404.75	0.000198
404.84	0.000191
404.91	0.000194
405.00	0.000189
405.07	0.000189
405.16	0.000183
405.23	0.000196
405.32	0.000178
405.40	0.000191
405.47	0.000186
405.56	0.000192
405.63	0.000185
405.72	0.000184
405.79	0.000177
405.88	0.000175
405.95	0.000178
406.03	0.000182
406.12	0.000180
406.19	0.000178
406.27	0.000175
406.36	0.000176
406.43	0.000179
406.52	0.000173
406.59	0.000173
406.68	0.000173
406.75	0.000179
406.84	0.000169
406.91	0.000177
407.00	0.000168
407.07	0.000173
407.16	0.000167
407.24	0.000176
407.32	0.000177
407.39	0.000173
407.48	0.000172
407.56	0.000167
407.64	0.000170
407.72	0.000176
407.80	0.000173
407.88	0.000171
407.96	0.000171
408.04	0.000165
408.12	0.000169
408.20	0.000175
408.28	0.000170
408.36	0.000169
408.44	0.000174
408.52	0.000170
408.60	0.000167
408.68	0.000160
408.76	0.000160
408.84	0.000157
408.92	0.000160
409.00	0.000156
409.08	0.000159
409.16	0.000158
409.24	0.000158
409.32	0.000153
409.40	0.000160
409.48	0.000158
409.56	0.000165
409.64	0.000165
409.71	0.000167
409.80	0.000166
409.88	0.000162
409.95	0.000168
410.04	0.000168
410.11	0.000167
410.20	0.000160
410.27	0.000162
410.36	0.000165
410.43	0.000165
410.51	0.000165
410.59	0.000165
410.68	0.000163
410.75	0.000157
410.83	0.000163
410.92	0.000160
411.00	0.000154
411.08	0.000148
411.15	0.000157
411.23	0.000157
411.31	0.000166
411.40	0.000174
411.47	0.000161
411.56	0.000158
411.63	0.000156
411.71	0.000163
411.80	0.000159
411.87	0.000154
411.96	0.000149
412.04	0.000148
412.11	0.000149
412.20	0.000151
412.29	0.000147
412.36	0.000145
412.44	0.000144
412.52	0.000146
412.60	0.000146
412.68	0.000141
412.76	0.000160
412.84	0.000155
412.92	0.000154
413.00	0.000152
413.08	0.000157
413.16	0.000158
413.24	0.000156
413.32	0.000154
413.40	0.000151
413.48	0.000145
413.56	0.000140
413.64	0.000141
413.72	0.000150
413.80	0.000148
413.88	0.000136
413.96	0.000136
414.04	0.000141
414.12	0.000151
414.20	0.000149
414.27	0.000139
414.36	0.000142
414.44	0.000147
414.52	0.000141
414.59	0.000136
414.68	0.000134
414.76	0.000137
414.83	0.000148
414.92	0.000143
415.00	0.000152
415.07	0.000148
415.16	0.000140
415.24	0.000129
415.32	0.000130
415.40	0.000136
415.48	0.000131
415.56	0.000133
415.64	0.000139
415.72	0.000138
415.80	0.000137
415.88	0.000147
415.96	0.000148
416.04	0.000138
416.12	0.000136
416.20	0.000143
416.28	0.000131
416.36	0.000136
416.44	0.000134
416.52	0.000138
416.60	0.000124
416.69	0.000127
416.76	0.000133
416.85	0.000131
416.92	0.000127
417.01	0.000134
417.08	0.000122
417.17	0.000121
417.24	0.000128
417.33	0.000120
417.40	0.000120
417.49	0.000129
417.57	0.000126
417.64	0.000134
417.73	0.000131
417.81	0.000131
417.88	0.000134
417.97	0.000147
418.04	0.000140
418.13	0.000142
418.20	0.000137
418.28	0.000138
418.37	0.000133
418.45	0.000134
418.52	0.000140
418.61	0.000131
418.69	0.000127
418.76	0.000129
418.85	0.000136
418.92	0.000126
419.00	0.000127
419.09	0.000131
419.16	0.000128
419.25	0.000129
419.33	0.000130
419.40	0.000133
419.49	0.000128
419.56	0.000123
419.65	0.000119
419.72	0.000118
419.80	0.000117
419.89	0.000124
419.96	0.000131
420.04	0.000129
420.13	0.000128
420.45	0.000122
420.52	0.000129
420.61	0.000115
420.69	0.000122
420.76	0.000125
420.85	0.000123
420.93	0.000123
421.01	0.000112
421.09	0.000125
421.17	0.000121
421.25	0.000123
421.33	0.000135
421.41	0.000129
421.49	0.000134
421.57	0.000131
421.65	0.000129
421.73	0.000137
421.81	0.000130
421.89	0.000127
421.97	0.000118
422.05	0.000121
422.13	0.000133
422.21	0.000133
422.29	0.000131
422.37	0.000123
422.45	0.000125
422.53	0.000123
422.61	0.000119
422.69	0.000122
422.77	0.000116
422.85	0.000123
422.93	0.000131
423.00	0.000121
423.09	0.000120
423.16	0.000118
423.25	0.000110
423.32	0.000109
423.41	0.000118
423.48	0.000125
423.57	0.000116
423.64	0.000111
423.72	0.000110
423.81	0.000122
423.89	0.000125
423.96	0.000122
424.05	0.000112
424.13	0.000106
424.20	0.000115
424.28	0.000111
424.36	0.000112
424.44	0.000118
424.52	0.000120
